100
8 86 5 8 5 5 8 0 5 1 4 2 0 4 6 3 7 3 3 8 7 8 7 8 1 3 5 1 6 5 0 2 3 0 5 4 5 7 5 5 7 4 1 8 4 0 4 3 2 2 5 3 8 8 8 8 5 5 6 0 4 3 1 0 3 1 6 4 6 3 0 7 6 2 1 7 0 7 0 1 1 2 2 4 2 4 1 2
97 11 45 15 45 31 58 35 16 65 11 5 42
69 50 31 58 29 33 16 42 8 26 31 32 59 60 14 53 54 63 33 66 25 39 1 61 41 28 65 69 34 17 46 57 37 46 25 69 25 2 14 1 10 66 40 28 29 60 68 56 56 32 25 14
35 20 32 11 4 27 17 15 23 10 17 34 18 7 2 21 32 35 30 22 34 32
82 100 17 32 30 25 77 68 1 21 16 12 63 13 82 34 24 34 24 79 57 56 5 74 46 23 31 61 4 21 16 15 16 34 75 3 10 48 66 61 40 35 7 49 65 49 4 17 13 18 13 1 33 34 15 52 48 20 47 5 13 11 25 31 81 64 9 54 33 45 51 81 16 74 46 47 79 71 39 66 24 27 39 31 9 48 73 77 81 77 62 49 18 1 74 13 75 18 19 12 47 32
61 33 36 58 52 7 26 22 29 41 8 56 10 32 61 3 59 32 56 14 5 37 39 49 46 40 58 50 6 50 22 11 17 21 36
67 76 23 67 58 19 34 3 17 61 14 4 5 32 46 66 42 13 8 55 12 65 63 12 3 63 11 51 44 7 8 65 7 59 20 31 45 52 51 27 11 36 3 21 16 34 27 55 7 3 30 22 2 53 34 48 36 45 36 29 37 22 20 66 45 31 23 5 11 41 13 39 65 57 4 33 6 16
80 100 74 14 8 21 36 71 14 53 1 51 36 20 37 11 48 79 41 40 13 35 31 40 57 80 80 60 3 9 72 59 68 12 31 36 54 52 31 68 41 59 34 78 44 17 37 25 33 24 0 0 59 30 12 0 56 57 73 66 70 13 41 21 50 44 2 31 69 68 73 40 40 10 51 60 54 42 71 15 78 57 5 12 14 58 64 28 52 55 2 14 51 42 20 51 25 15 22 22 58 44
95 87 82 5 64 40 71 24 41 17 85 27 77 2 90 94 12 27 7 82 31 33 40 95 60 56 95 37 52 84 36 7 64 75 63 56 37 13 62 63 29 16 78 0 41 79 51 67 34 92 3 63 84 10 65 34 49 94 79 55 15 71 80 11 61 43 14 48 18 28 93 92 48 13 15 16 2 50 36 75 31 83 25 85 1 21 24 3 28
4 79 0 2 4 0 2 3 1 3 3 1 4 3 1 1 3 0 0 4 0 2 0 4 0 1 3 1 1 0 1 4 1 1 0 0 1 4 2 0 1 3 2 4 3 2 0 2 0 2 2 3 2 1 4 4 1 4 1 4 1 3 2 2 0 4 1 2 4 4 0 3 0 1 2 0 1 3 2 2 2
76 6 44 59 66 6 54 9
49 77 46 49 28 11 7 20 30 35 26 22 38 0 48 41 0 41 6 42 16 19 21 44 0 14 11 23 48 41 4 46 5 29 45 43 27 7 26 8 6 48 15 1 35 1 23 49 35 27 26 29 20 27 46 48 5 34 29 16 0 5 29 2 18 20 45 46 2 12 20 44 5 7 20 21 7 38 3
94 2 64 27
1 85 1 0 0 0 0 1 0 1 0 0 1 1 0 1 0 0 1 1 1 0 1 0 0 0 0 1 0 0 0 0 1 1 1 0 0 0 0 1 1 1 1 0 0 1 1 1 1 1 1 0 0 1 1 1 1 0 0 0 0 0 0 0 0 1 0 0 0 0 1 1 0 1 1 0 0 1 1 0 0 1 1 0 0 1 0
66 12 35 65 55 37 3 65 41 56 2 55 2 18
38 54 19 31 12 30 2 14 33 35 30 24 6 20 9 9 21 38 7 6 32 38 21 4 21 29 17 10 5 27 2 15 6 4 10 6 38 36 25 32 10 15 23 0 5 17 32 35 34 38 11 37 15 25 30 37
27 87 25 2 20 1 12 13 26 23 19 19 7 18 25 1 7 17 23 20 14 1 26 20 27 26 0 27 25 27 18 7 2 19 6 18 24 10 0 24 3 8 14 17 20 3 22 19 9 9 3 11 2 24 18 14 0 16 17 22 5 22 4 24 13 15 12 8 12 27 3 10 3 8 10 6 21 27 23 0 13 26 13 12 12 17 13 8 20
0 68 0 0 0 0 0 0 0 0 0 0 0 0 0 0 0 0 0 0 0 0 0 0 0 0 0 0 0 0 0 0 0 0 0 0 0 0 0 0 0 0 0 0 0 0 0 0 0 0 0 0 0 0 0 0 0 0 0 0 0 0 0 0 0 0 0 0 0 0
71 60 53 15 39 11 37 50 35 63 45 5 19 51 29 67 52 65 33 9 63 63 30 46 43 46 57 55 48 59 0 47 6 53 2 40 38 5 53 4 7 13 55 29 59 5 13 53 55 50 70 56 4 62 64 15 55 8 27 16 9 0
50 54 46 33 13 5 3 49 11 49 12 1 26 33 50 27 45 10 30 21 47 23 11 26 26 37 33 15 26 15 4 1 44 41 43 35 29 41 21 26 4 13 32 39 4 25 31 6 0 46 30 42 27 42 48 5
0 1 1
21 56 4 2 9 19 5 12 11 4 8 6 20 0 0 6 20 0 9 10 17 19 18 16 21 12 8 7 2 13 3 5 0 10 12 16 9 4 2 2 10 19 8 9 20 10 6 2 0 11 17 21 17 11 8 3 7 12
7 88 3 7 4 1 5 0 3 1 0 1 5 0 3 2 0 1 3 5 0 0 5 4 5 3 2 6 1 2 4 7 1 0 3 5 6 2 1 4 3 1 6 2 0 7 0 3 0 0 7 1 7 7 2 6 6 5 7 5 3 0 7 3 5 5 4 5 7 4 2 7 4 0 2 7 6 7 4 4 4 4 6 3 7 6 4 3 3 0
74 49 73 16 51 25 5 73 1 70 19 15 22 0 73 17 12 60 27 24 17 59 8 25 1 45 19 57 61 4 44 74 70 1 12 50 11 10 46 66 41 67 63 6 71 4 47 52 61 37 67
71 6 6 33 24 33 39 2
1 1 2
49 58 14 7 23 32 2 2 42 4 47 21 4 28 21 45 26 40 6 25 2 3 6 44 5 6 22 48 15 22 16 27 46 22 33 25 37 44 37 25 42 17 34 21 12 42 43 38 17 45 0 7 39 20 7 35 41 19 5 21
0 2 0 0
69 67 66 39 7 63 51 9 59 32 59 12 34 21 40 46 66 54 4 28 67 63 33 27 27 16 50 51 35 37 46 53 34 6 27 56 31 17 64 48 46 48 57 35 15 6 67 61 22 1 69 24 51 40 9 55 58 38 64 27 3 57 7 17 37 13 15 36 31
61 25 28 61 13 26 33 7 22 26 3 45 25 2 59 57 30 55 13 58 40 27 47 12 38 47 56
81 78 38 33 62 73 5 38 8 46 51 35 17 35 37 74 59 55 4 12 47 38 68 3 19 25 80 7 45 10 68 64 23 20 66 43 17 4 12 28 43 51 76 58 79 8 12 9 54 71 12 47 33 55 38 27 30 21 33 36 69 41 72 71 77 5 4 14 56 17 56 51 46 21 74 18 81 27 39 73
1 1 1
56 2 11 27
21 24 17 19 18 9 16 14 19 17 3 0 0 21 15 7 16 5 15 11 8 11 6 19 14 4
3 3 2 3 4
93 9 73 53 89 44 86 49 72 46 0
37 97 35 3 13 11 14 25 0 1 20 21 36 4 14 29 25 4 13 27 25 21 37 10 13 36 37 34 7 4 14 20 2 22 22 7 29 14 30 21 25 11 2 20 6 17 29 29 5 35 10 25 26 21 26 31 5 2 8 26 18 20 26 9 8 23 30 9 27 16 15 22 21 6 15 31 16 3 25 31 36 17 27 10 12 4 34 9 30 4 36 0 0 19 35 31 0 17 13
79 90 19 47 61 75 63 18 42 42 46 10 22 35 69 54 5 38 40 79 71 75 43 12 77 52 49 20 42 3 66 48 66 1 26 74 51 69 72 78 20 47 3 64 52 79 57 53 42 35 5 27 72 12 29 55 39 69 52 68 46 20 78 10 67 52 22 62 49 47 12 11 63 33 4 66 17 62 23 65 35 25 50 24 75 24 26 10 13 44 71 38
93 5 21 12 41 28 40
9 75 8 9 2 3 5 6 9 8 9 6 8 7 0 1 7 2 4 3 0 5 2 8 6 8 7 2 8 0 3 4 3 5 4 6 6 4 4 7 0 7 8 2 2 4 0 2 3 3 7 7 6 6 9 7 5 6 9 9 7 6 0 8 1 2 8 9 1 0 4 3 9 1 2 3 1
5 93 3 1 5 1 4 1 1 2 1 1 5 2 5 2 2 2 3 2 0 4 3 3 0 2 4 5 4 1 4 2 4 3 3 4 3 4 1 0 0 2 3 3 3 3 3 0 0 5 5 5 1 0 4 4 4 4 5 2 2 3 1 3 5 1 0 1 4 5 0 2 3 3 3 3 1 2 5 2 5 1 2 4 4 4 2 0 0 0 0 0 1 4 5
90 49 67 48 90 49 9 84 23 85 39 90 59 68 63 77 76 75 51 0 53 55 17 45 8 3 78 70 4 36 35 65 31 56 57 3 49 14 3 76 27 19 35 25 28 78 43 7 55 17 18
44 86 28 5 2 21 32 10 28 40 13 15 17 23 42 16 17 15 28 9 34 23 39 43 11 7 17 26 41 8 5 18 44 28 4 27 15 10 32 6 5 6 19 41 32 21 25 10 10 28 23 18 11 28 41 28 24 4 2 22 7 44 1 26 0 22 33 19 13 44 7 24 38 34 39 35 21 18 22 43 15 2 8 5 38 8 8 31
90 100 88 88 88 88 88 88 88 88 88 88 88 88 88 88 88 88 88 88 88 88 88 88 88 88 88 88 88 88 88 88 88 88 88 88 88 88 88 88 88 88 88 88 88 88 88 88 88 88 88 88 88 88 88 88 88 88 88 88 88 88 88 88 88 88 88 88 88 88 88 88 88 88 88 88 88 88 88 88 88 88 88 88 88 88 88 88 88 88 88 88 88 88 88 88 88 88 88 88 88 89
47 73 30 26 20 12 21 22 47 36 45 7 38 34 15 1 42 27 23 11 39 45 20 4 37 13 43 13 2 17 33 47 42 32 12 33 16 23 24 6 31 2 23 2 13 25 46 9 27 33 41 28 43 31 46 16 40 4 3 21 21 7 23 23 32 6 1 44 11 13 6 16 17 24 2
94 27 32 86 11 66 5 40 85 77 2 62 46 70 54 38 76 43 72 94 72 55 5 4 67 90 54 37 67
85 100 39 85 39 11 46 58 11 10 13 84 14 52 55 83 2 81 10 74 51 42 0 53 11 63 75 57 6 35 61 9 42 76 81 33 2 32 70 7 11 74 85 48 23 69 48 3 53 25 83 44 33 68 79 39 59 47 26 2 51 24 58 30 64 58 23 16 60 23 66 38 35 81 74 64 15 46 24 69 7 3 39 33 63 4 84 53 28 72 26 3 6 19 37 79 62 62 73 47 11 65
72 100 46 44 21 2 0 67 11 64 31 33 69 21 44 51 6 32 61 26 19 36 28 4 66 2 21 2 38 38 0 70 62 2 29 72 63 23 20 65 71 43 56 45 61 30 26 70 20 24 39 43 7 14 32 51 8 67 1 31 33 9 48 6 18 21 70 38 42 37 16 30 54 23 66 19 63 62 40 37 64 28 1 8 32 38 46 72 63 44 35 17 58 25 23 54 65 10 48 52 55 31
1 61 0 0 1 1 0 0 1 0 0 1 1 0 0 0 1 0 0 1 0 1 0 1 1 1 1 0 0 1 0 1 0 1 0 0 1 0 1 0 0 0 1 1 0 0 0 1 0 1 0 0 1 1 0 1 0 0 0 1 1 0 1
49 27 10 10 49 10 16 15 30 39 34 35 6 4 31 26 7 31 9 47 2 10 13 1 36 13 31 37 34
3 3 2 3 3
87 27 79 37 65 55 16 77 24 70 30 47 56 15 30 46 51 9 27 4 59 41 74 85 39 35 82 39 78
93 41 34 60 40 3 4 4 1 29 28 19 79 11 83 58 52 78 60 44 73 8 53 49 86 79 35 59 72 10 62 22 19 60 67 4 43 49 25 90 4 75 35
70 89 70 26 66 19 62 37 4 60 17 58 38 6 25 50 42 35 50 32 49 26 32 42 38 3 55 9 65 39 55 11 64 70 16 23 51 42 67 30 66 4 31 35 44 66 10 53 25 53 66 8 14 45 36 36 43 44 18 35 28 18 45 5 26 34 63 4 47 2 20 54 58 41 13 36 10 8 20 13 40 66 30 27 45 15 42 62 10 54 66
81 75 21 51 68 13 60 38 1 28 20 24 37 41 45 20 40 22 75 14 64 11 12 53 4 24 16 74 60 33 56 1 58 72 60 10 31 72 65 30 10 57 38 4 29 54 55 23 49 49 4 18 51 20 14 72 37 46 0 60 38 72 60 13 54 73 59 63 37 14 77 45 49 50 8 4 77
8 12 2 7 8 3 3 5 1 4 1 6 1 4
36 80 24 31 25 28 22 32 22 36 0 34 29 4 20 7 2 29 16 20 1 26 3 19 0 6 16 6 10 24 30 35 25 17 0 13 16 20 13 24 29 28 11 19 34 29 10 24 32 23 3 3 0 10 15 1 20 20 32 3 2 35 34 16 3 35 2 3 7 1 2 17 13 10 7 17 5 26 31 30 8 26
92 74 57 80 31 86 90 71 60 73 3 5 63 63 41 25 45 88 88 68 75 71 51 3 31 31 84 43 35 85 50 61 78 57 87 70 64 63 90 8 81 47 28 32 37 85 58 8 5 47 31 78 45 21 37 9 13 49 26 33 4 12 59 17 15 80 64 3 2 82 84 17 50 22 60 21
90 100 89 89 89 89 89 89 89 89 89 89 89 89 89 89 89 89 89 89 89 89 89 89 89 89 89 89 89 89 89 89 89 89 89 89 89 89 89 89 89 89 89 89 89 89 89 89 89 89 89 89 89 89 89 89 89 89 89 89 89 89 89 89 89 89 89 89 89 89 89 89 89 89 89 89 89 89 89 89 89 89 89 89 89 89 89 89 89 89 89 89 89 89 89 89 89 89 89 89 89 89
42 52 11 3 40 22 27 25 28 26 0 1 9 24 19 32 8 1 18 19 4 23 35 38 25 36 36 14 31 32 18 1 28 13 37 10 8 27 16 13 30 12 18 31 24 10 41 22 7 4 33 17 4 32
1 10 0 0 0 1 0 1 1 1 0 0
81 100 51 66 28 31 18 26 11 44 77 71 59 34 16 3 67 9 71 56 1 71 16 26 2 3 20 10 55 15 52 34 65 78 31 2 60 66 18 62 25 15 74 54 66 47 19 1 7 73 19 40 6 51 33 67 75 37 24 56 35 32 55 71 31 55 21 48 12 20 3 49 31 42 10 15 49 10 68 64 19 41 23 52 75 54 40 12 28 30 13 33 26 76 72 75 11 74 44 29 42 1
45 91 43 17 13 27 27 18 7 6 44 19 33 6 36 4 38 33 34 4 23 3 7 27 14 1 39 17 2 31 44 42 26 1 39 34 34 21 34 2 23 9 1 42 10 34 23 14 2 39 8 13 13 28 13 18 23 33 25 23 2 26 7 42 26 10 15 45 15 41 15 19 40 35 21 43 13 11 1 43 34 37 25 34 33 27 37 10 13 15 24 3 9
19 2 12 11
80 100 34 64 78 4 73 52 40 38 57 37 40 1 1 70 5 58 38 15 17 80 61 29 29 47 11 4 58 28 53 64 6 31 31 62 33 78 13 48 29 59 66 0 30 29 21 74 75 23 35 68 8 40 63 70 64 31 69 37 50 79 31 59 48 21 11 76 36 52 25 74 13 69 53 45 40 1 57 59 28 40 21 1 33 70 10 35 68 38 52 72 42 77 35 68 40 45 47 39 70 44
37 45 32 27 36 29 37 2 7 37 31 1 0 30 10 36 27 36 17 2 4 36 33 12 14 7 10 30 27 11 32 4 33 15 13 6 27 34 24 19 19 4 5 9 2 12 0
3 3 1 2 2
74 40 21 14 8 21 57 58 33 66 22 11 14 57 49 19 2 19 29 31 70 13 18 50 12 24 48 20 40 48 26 19 14 23 55 26 8 51 24 7 10 47
33 31 14 11 32 27 23 20 20 0 22 13 12 6 22 17 12 3 16 32 15 4 26 14 18 3 33 29 24 24 18 13 5
83 100 60 60 46 76 73 13 41 67 50 74 27 22 46 39 5 39 0 17 14 79 68 50 7 64 60 6 55 51 8 32 79 68 30 10 18 74 57 58 56 69 28 43 75 30 82 68 5 78 28 20 8 37 56 8 59 24 65 40 83 81 41 18 30 44 64 72 28 15 36 6 80 74 62 16 51 56 65 33 48 9 73 48 10 15 76 17 63 6 36 48 32 74 25 42 66 70 65 55 54 48
69 19 43 1 40 39 45 44 9 66 18 62 15 29 26 4 40 54 13 60 31
48 54 14 21 13 30 23 36 19 25 10 7 21 42 34 1 13 43 9 8 28 31 10 23 8 24 4 35 10 44 12 11 46 4 19 25 35 47 40 9 31 0 42 5 47 11 26 33 40 19 38 35 6 38 19 28
14 93 3 0 10 12 9 10 2 2 10 12 8 5 8 13 7 0 6 1 4 12 10 1 1 8 1 9 11 2 11 3 11 6 10 5 4 5 6 7 8 11 5 5 6 4 3 4 13 13 11 1 12 2 0 9 14 7 6 6 9 2 9 5 13 2 12 4 10 6 12 3 1 0 8 11 2 8 13 3 8 7 9 4 11 3 12 7 1 12 0 5 3 12 10
18 39 2 5 11 4 9 18 11 14 4 14 11 3 9 2 17 0 15 5 6 1 1 5 16 14 9 3 1 7 12 14 9 18 15 13 3 5 0 0 5
38 52 11 11 24 6 15 31 25 23 12 4 32 1 27 29 18 6 26 4 36 6 24 6 23 27 0 34 25 6 11 8 30 23 6 28 6 14 2 38 30 18 30 16 15 4 19 13 3 35 25 4 30 1
1 1 0
2 3 1 1 1
0 2 0 1
23 4 15 1 2 16
90 100 52 39 51 57 17 37 26 46 39 83 3 65 39 12 5 29 39 89 40 42 3 13 24 1 34 48 47 90 79 64 65 12 23 90 17 27 87 43 77 0 42 36 4 83 37 56 75 71 87 28 33 70 27 26 12 74 42 79 10 45 44 49 39 51 40 75 67 33 42 9 38 39 72 65 62 39 84 43 25 22 65 58 21 89 34 41 39 84 3 29 17 68 50 83 34 43 27 60 5 53
95 6 82 81 80 21 82 67
23 2 20 23
62 3 14 23 46
82 100 82 42 58 18 66 46 20 39 27 0 36 42 58 44 80 23 4 45 23 81 23 36 19 77 45 55 6 81 21 63 16 73 65 46 62 75 9 28 1 66 72 64 2 39 66 38 33 15 15 38 4 18 58 16 82 34 37 69 24 10 31 32 14 71 27 79 35 65 72 2 4 70 18 78 29 57 81 12 11 60 53 64 6 40 18 64 74 41 40 49 10 70 81 33 78 75 5 8 38 61
90 100 88 88 88 88 88 88 88 88 88 88 88 88 88 88 88 88 88 88 88 88 88 88 88 88 88 88 88 88 88 88 88 88 88 88 88 88 88 88 88 88 88 88 88 88 88 88 88 88 88 88 88 88 88 88 88 88 88 88 88 88 88 88 88 88 88 88 88 88 88 88 88 88 88 88 88 88 88 88 88 88 88 88 88 88 88 88 88 88 88 88 88 88 88 88 88 88 88 88 88 90
36 48 1 24 26 27 1 18 26 34 20 12 23 23 3 6 8 35 3 21 33 0 18 18 25 7 28 20 7 14 1 4 23 36 18 20 34 15 19 15 14 27 29 25 25 36 23 0 26 16
76 65 70 75 16 23 28 25 48 21 54 2 28 54 50 13 27 13 21 14 53 7 74 63 16 18 25 55 58 54 58 27 61 56 36 8 64 72 8 9 31 35 45 53 66 46 23 46 33 6 51 11 19 76 64 73 25 70 47 76 47 16 19 17 24 1 13
62 71 49 12 13 43 9 18 39 59 15 39 58 42 5 25 18 15 50 31 59 39 2 31 54 42 21 28 10 51 28 7 34 32 7 16 33 22 34 13 18 60 29 46 19 41 53 53 62 16 48 57 15 31 31 15 44 24 3 38 14 21 57 50 61 18 9 36 37 1 21 52 60
58 43 2 24 20 22 6 32 37 36 58 49 14 15 57 15 45 17 25 53 28 39 41 6 56 6 10 54 10 39 7 57 23 31 30 51 16 34 8 35 40 57 25 52 54
51 19 20 7 42 13 15 40 36 2 13 48 9 5 45 49 21 46 2 13 50
58 75 3 53 9 33 31 24 7 40 13 25 53 37 15 17 27 28 19 4 58 6 43 54 23 15 48 16 28 47 46 33 42 50 46 36 11 16 7 36 35 10 9 51 28 25 55 46 41 14 49 37 7 37 12 54 31 49 42 21 7 18 37 3 45 26 40 1 22 40 33 13 1 8 53 7 41
20 65 1 4 2 15 16 14 6 4 9 8 1 7 3 19 15 8 1 5 4 18 7 15 15 8 14 10 9 2 13 6 2 8 13 3 10 6 1 20 18 17 7 19 21 16 1 20 3 17 6 13 4 20 6 10 13 14 9 15 13 1 17 14 19 14 8
58 66 42 56 8 48 2 35 30 53 38 46 16 56 16 54 23 29 51 37 12 17 9 23 21 30 56 48 41 49 24 32 48 19 16 40 28 12 49 24 20 39 2 31 25 40 19 5 12 35 3 17 47 45 9 12 41 42 14 18 47 30 41 5 20 39 41 6
95 87 75 42 64 50 74 89 15 2 56 75 41 83 85 33 31 73 49 37 10 39 19 49 27 88 27 76 57 32 92 66 68 90 17 56 59 69 14 58 34 52 45 11 92 56 80 49 60 23 87 50 47 82 32 65 79 95 80 88 30 8 27 84 76 55 60 46 52 52 65 48 60 87 66 0 22 18 54 38 83 21 28 28 96 83 96 63 11
83 100 73 73 33 37 57 32 27 55 59 14 5 34 62 12 55 78 46 55 12 13 72 4 24 22 83 66 37 2 64 2 65 35 46 2 57 55 26 42 49 33 70 63 14 17 77 48 0 35 11 28 7 21 76 28 81 79 70 32 13 74 53 76 58 33 16 53 42 35 11 44 68 1 46 68 21 32 24 32 17 23 41 44 13 1 69 59 18 79 77 34 49 18 78 11 25 11 55 30 11 36
90 100 88 88 88 88 88 88 88 88 88 88 88 88 88 88 88 88 88 88 88 88 88 88 88 88 88 88 88 88 88 88 88 88 88 88 88 88 88 88 88 88 88 88 88 88 88 88 88 88 88 88 88 88 88 88 88 88 88 88 88 88 88 88 88 88 88 88 88 88 88 88 88 88 88 88 88 88 88 88 88 88 88 88 88 88 88 88 88 88 88 88 88 88 88 88 88 88 88 88 88 91
43 72 30 15 7 33 30 17 9 10 37 38 37 34 39 26 8 17 37 18 2 4 22 5 19 33 18 9 41 0 15 30 23 43 21 20 16 5 29 16 17 20 32 19 18 42 30 43 26 37 9 42 9 22 41 26 36 20 9 27 31 12 28 30 38 5 28 12 13 32 6 29 6 43
100 14 62 46 15 85 12 43 31 30 14 87 15 71 22 36
80 100 10 1 45 79 75 12 2 1 46 32 27 34 9 60 6 79 8 0 31 32 78 43 36 59 14 79 41 22 23 69 6 66 3 76 32 1 29 36 45 23 6 5 54 5 78 19 8 38 43 60 7 48 77 52 54 15 75 8 12 11 22 48 15 55 68 18 34 33 44 62 52 11 29 8 0 29 56 60 70 76 54 25 15 7 40 19 18 38 6 20 69 21 68 55 48 51 35 7 69 26
8 32 7 1 8 2 6 4 3 6 3 1 7 6 5 5 1 2 1 4 8 8 4 8 8 8 0 4 3 5 7 7 7 8
