20
2 5
0.600000 0.600000
1 20
1.000000
3 4
1.000000 0.900000 0.100000
3 17
0.032957 0.649403 0.243428
2 4
0.000004 0.000010
2 60
0.263042 0.682518
2 5
0.970747 0.639383
3 10
0.198023 0.979422 0.129950
3 42
0.000006 0.000009 0.000004
2 7
0.183981 0.841628
2 7
0.867594 0.031079
3 5
0.123220 0.214287 0.971819
3 4
0.999999 0.999999 0.564716
2 3
0.999998 0.999999
3 42
1.000000 0.999998 0.999999
1 3
0.000008
3 10
0.830608 0.875194 0.011863
1 4
0.999998
3 100
0.393110 0.145905 0.003278
3 10
0.894611 0.067815 0.801183
