100
2
0 1
0 2
3
2 2
0 0
4 4
1
1 1
5
0 5
0 1
1 1
4 7
5 6
10
0 9
0 9
0 8
0 5
0 3
0 1
0 6
0 19
0 5
0 10
2
2 3
0 1
3
1 2
0 3
4 5
6
5 5
0 4
3 10
7 10
0 2
6 6
1
0 2
3
0 4
4 4
0 0
10
0 3
0 9
0 9
0 4
0 6
0 8
0 1
0 19
0 7
0 2
8
2 13
7 10
1 6
2 10
10 13
2 7
5 13
0 1
5
4 6
0 5
6 6
1 3
1 8
5
270 1486
502 628
909 1100
48 373
253 360
8
0 7
0 15
0 5
0 1
0 5
0 4
0 7
0 2
7
0 6
0 9
9 10
0 4
0 5
10 10
5 8
1
0 1
2
1 2
0 3
8
9 10
5 8
9 14
3 9
0 7
1 3
9 13
0 1
5
3 5
0 9
1 2
7 8
4 6
5
3 6
4 4
1 7
1 2
2 3
8
4 5
4 8
7 10
1 2
4 10
2 13
10 11
0 10
9
4 11
3 15
0 1
8 10
12 17
13 17
5 14
4 7
1 9
7
4 13
1 6
6 10
0 1
7 7
10 11
2 7
1
0 1
1
230 522
4
5 7
4 6
0 3
1 2
4
1 2
4 6
4 6
0 3
4
0 3
0 7
0 2
0 1
10
11 17
0 9
0 7
7 17
7 11
0 15
4 11
15 17
0 4
9 13
1
0 2
10
13 18
4 13
4 10
1 3
5 11
4 10
12 12
14 15
0 3
1 13
10
2 9
4 11
8 13
0 15
3 7
6 16
12 14
18 19
1 10
5 17
1
19 908
3
133 973
482 625
200 812
9
8 11
14 15
16 17
3 13
4 6
0 1
2 10
7 12
5 9
2
2 2
0 2
3
0 3
1 5
0 5
7
10 10
2 5
5 7
3 10
0 1
9 10
2 7
2
0 1
1 3
2
0 1
1 2
2
0 2
0 3
3
4 4
0 1
0 4
6
1 5
5 5
0 2
3 8
8 10
4 8
5
2 4
3 10
3 6
1 7
0 8
3
3 3
0 0
2 3
9
2 7
4 7
14 14
9 15
2 4
0 4
4 16
4 14
1 9
8
2 5
1 10
5 14
6 12
0 8
9 10
1 2
10 15
2
0 1
2 3
5
0 9
0 3
0 2
0 1
0 2
10
5 19
13 16
12 17
6 6
1 12
0 3
1 7
1 12
6 12
7 13
5
151 915
159 680
1686 1849
0 1562
241 268
4
0 1
0 4
0 7
0 4
1
0 1
10
16 16
7 12
12 14
7 16
3 14
0 3
7 16
5 12
2 7
0 6
10
9 11
5 17
13 14
10 12
0 15
3 8
16 18
1 19
4 7
2 6
4
2 6
6 7
2 3
0 1
8
12 13
7 10
0 12
5 7
4 6
9 13
2 2
2 9
3
0 3
0 1
5 5
7
2 10
2 2
11 12
7 7
3 6
7 12
0 1
7
633 1264
12 114
62 429
285 1105
2 298
513 930
221 347
7
6 11
3 7
1 4
2 11
8 9
5 12
0 9
7
6 8
2 10
4 5
0 1
10 13
7 8
3 9
2
0 2
2 2
6
8 11
4 5
3 9
1 2
6 7
0 10
10
16 19
9 11
0 6
10 12
13 19
2 7
0 2
2 4
6 9
9 11
5
0 5
0 1
0 5
0 3
0 9
8
3 9
0 3
7 10
14 14
0 7
2 7
10 10
2 12
3
1 5
0 0
1 4
4
0 3
2 2
2 4
5 5
6
0 0
2 10
5 8
4 5
0 7
4 6
6
1 8
0 1
1 4
1 4
9 11
6 9
9
5 11
4 11
10 10
10 10
2 3
0 8
6 7
12 17
1 6
2
276 579
448 1490
6
0 0
0 0
0 0
0 0
0 0
0 0
5
0 4
0 1
0 9
0 3
0 3
6
8 10
6 8
1 6
0 5
1 3
2 4
1
0 1
5
869 953
490 607
475 755
65 73
58 343
8
5 9
8 12
3 10
8 12
1 1
0 12
5 8
5 5
8
3 5
11 13
6 8
0 8
0 11
8 14
4 13
0 7
9
0 1
0 5
0 9
0 17
0 6
0 6
0 7
0 8
0 6
5
115 624
446 818
25 28
724 929
779 1135
1
240 448
3
0 4
3 3
0 0
3
0 1
0 5
0 2
7
458 1143
412 1014
807 1458
192 434
70 151
755 1120
117 459
10
2001 2001
2001 2001
2001 2001
2001 2001
2001 2001
2001 2001
2001 2001
2001 2001
2001 2001
2001 2001
3
0 0
3 5
0 4
3
2 4
0 4
2 2
8
1 5
2 10
4 9
2 8
2 14
11 12
12 15
0 7
5
1 6
5 7
2 6
2 6
0 2
10
392 1735
992 1963
311 1022
785 1426
337 1255
1569 1897
79 329
160 291
69 314
588 1020
7
0 7
0 1
0 5
0 4
0 4
0 13
0 4
10
0 2
5 14
5 17
6 17
11 14
7 11
1 5
10 14
4 14
3 12
8
443 1297
422 609
176 439
1418 1577
5 80
388 947
18 808
149 1149
1
0 1
6
0 1
0 11
0 6
0 2
0 2
0 5
1
0 1
2
1 1
0 1
