100
2
0 1
0 2
3
2 2
0 0
4 4
1
1 1
5
0 5
0 1
1 1
4 7
5 6
7
1 8
2 5
8 11
5 11
2 11
4 7
0 9
6
1 8
2 8
0 3
5 7
4 7
4 11
9
10 13
4 9
0 3
15 15
0 8
7 13
4 12
5 12
2 8
6
0 2
0 8
0 7
6 10
5 6
4 8
8
1 9
10 14
0 8
6 9
4 7
1 10
1 4
10 12
8
1 2
0 5
7 8
12 14
11 13
3 9
4 15
6 10
8
5 14
2 12
8 8
0 4
12 14
0 7
6 11
2 10
9
0 1
2 4
3 10
13 15
3 10
4 12
7 7
7 14
15 16
9
1 6
6 10
12 14
3 6
1 8
10 16
0 1
14 15
3 17
2
0 1
2 3
5
1 2
3 6
3 10
4 6
0 1
5
0 3
8 8
5 7
3 3
1 2
9
9 11
14 14
2 14
6 12
6 17
6 11
2 6
0 10
1 2
4
0 4
0 4
3 3
4 5
10
0 7
15 17
5 5
12 12
4 9
11 14
15 19
2 8
1 3
3 11
4
0 2
2 6
0 2
6 7
6
0 1
0 5
0 6
0 3
0 11
0 2
9
12 13
6 14
3 7
8 9
0 5
4 10
1 2
16 17
11 15
6
0 3
0 5
11 11
0 7
2 7
5 6
5
4 7
0 4
1 7
7 7
0 1
4
2 4
5 7
3 6
0 1
1
0 1
3
4 5
2 4
0 0
6
0 0
0 0
0 0
0 0
0 0
0 0
8
9 12
1 2
0 9
9 11
2 8
0 4
6 7
13 14
4
2 2
2 5
2 7
0 1
7
0 5
4 7
0 4
9 10
2 2
8 8
5 13
9
13 14
15 16
1 4
8 10
6 9
0 2
7 12
11 17
3 5
9
4 10
5 7
1 10
13 13
5 10
0 5
2 3
9 13
10 14
4
0 4
3 6
0 3
3 6
4
3 5
2 4
6 7
0 1
1
0 0
7
1 6
4 7
1 8
10 12
4 11
8 12
0 3
3
0 2
0 4
2 5
5
4 5
2 7
2 8
0 5
2 8
4
0 2
0 4
0 1
0 7
6
0 1
0 4
0 11
0 4
0 2
0 4
6
6 9
3 6
9 9
0 4
4 6
0 0
8
9 14
8 8
3 9
0 4
11 13
6 13
1 4
2 8
5
43 61
653 1839
1026 1536
971 1269
57 1820
7
0 7
0 5
0 13
0 7
0 1
0 4
0 2
10
9 12
14 18
7 18
0 1
5 12
2 3
5 9
8 16
4 5
12 14
7
0 5
0 9
10 11
7 9
0 4
0 9
4 9
4
1038 1245
547 1909
68 590
7 1313
1
0 1
10
0 0
14 15
15 15
13 16
2 3
9 9
3 4
7 11
6 8
10 15
10
4 5
7 19
9 9
1 9
5 14
9 16
1 3
3 14
0 13
17 17
7
0 6
6 6
4 7
9 10
1 2
3 4
6 10
6
1 10
0 0
8 9
5 10
3 6
3 5
8
5 14
13 14
8 9
7 10
3 12
2 3
0 3
2 11
4
798 1748
1082 1352
417 542
183 333
2
0 2
1 2
10
2001 2001
2001 2001
2001 2001
2001 2001
2001 2001
2001 2001
2001 2001
2001 2001
2001 2001
2001 2001
8
8 11
0 3
2 13
1 6
12 13
6 10
2 11
3 6
9
380 1556
969 1828
447 453
1282 1293
117 563
28 71
64 962
29 1092
277 318
1
156 1849
10
155 231
232 407
84 151
488 550
143 1947
312 537
189 1224
91 220
694 1374
721 816
6
0 5
0 1
0 5
0 5
0 11
0 2
7
1 11
0 12
6 7
5 12
7 9
0 4
1 9
2
1736 1842
38 85
4
6 6
1 2
1 5
0 1
7
5 9
0 9
1 4
10 10
7 10
0 1
3 7
10
7 18
7 17
1 7
3 14
0 17
1 14
6 7
1 5
8 13
12 13
1
0 2
4
0 0
1 5
0 4
5 5
7
8 10
4 12
0 3
9 11
5 13
2 7
1 6
4
0 2
0 4
0 7
0 1
9
4 9
16 16
4 4
4 9
9 11
0 1
14 15
1 3
8 13
8
3 7
10 13
2 6
0 1
11 14
12 15
4 8
5 9
9
2 13
5 16
14 15
1 10
6 11
2 17
1 7
0 6
9 10
2
0 0
1 3
10
1095 1439
213 304
100 1149
328 1010
1650 1793
864 1036
59 309
237 1107
0 2
609 1587
7
0 7
0 3
0 2
0 13
0 1
0 6
0 3
3
0 2
0 5
0 1
7
0 1
6 13
8 10
8 10
2 2
2 11
0 5
3
0 2
2 4
1 2
10
257 258
1018 1362
302 1431
288 1381
1051 1631
795 1038
1395 1878
43 403
4 28
1257 1413
9
0 2
0 2
0 6
0 17
0 8
0 8
0 6
0 1
0 9
4
2 6
1 2
2 4
0 6
6
2 6
3 7
1 2
0 2
7 7
8 8
8
1 3
0 5
6 10
0 13
3 13
6 8
13 14
8 10
4
0 5
4 6
0 3
2 6
2
0 1
1 3
6
0 4
1 2
5 5
0 11
7 10
7 10
6
7 10
5 9
4 5
8 9
0 2
1 2
1
0 1
1
0 1
7
2 5
1 2
8 12
0 2
6 9
5 9
8 12
2
0 1
0 3
9
3 6
6 12
0 1
5 15
1 11
13 15
6 12
3 10
6 16
2
3 3
0 1
1
1 1
7
0 4
0 1
0 13
0 6
0 4
0 4
0 2
9
144 326
1051 1578
1126 1176
115 637
210 390
379 1734
667 955
931 1160
1257 1777
9
0 8
3 4
3 17
7 10
10 13
4 4
15 17
10 13
1 2
8
0 1
7 12
8 11
0 1
0 2
11 15
10 11
6 8
