100
3 8
5 6 9 4 8 2 1 7
3 1
2
3 100
2 4 8 16 32 64 128 256 512 1024 2048 4096 8192 16384 32768 65536 131072 262144 524288 1000000 1000000 1000000 1000000 1000000 1000000 1000000 1000000 1000000 1000000 1000000 1000000 1000000 1000000 1000000 1000000 1000000 1000000 1000000 1000000 1000000 1000000 1000000 1000000 1000000 1000000 1000000 1000000 1000000 1000000 1000000 1000000 1000000 1000000 1000000 1000000 1000000 1000000 1000000 1000000 1000000 1000000 1000000 1000000 1000000 1000000 1000000 1000000 1000000 1000000 1000000 1000000 1000000 1000000 1000000 1000000 1000000 1000000 1000000 1000000 1000000 1000000 1000000 1000000 1000000 1000000 1000000 1000000 1000000 1000000 1000000 1000000 1000000 1000000 1000000 1000000 1000000 1000000 1000000 1000000 1000000
3 100
1 4 4 4 4 4 4 4 4 4 4 4 4 4 4 4 4 4 4 4 4 4 4 4 4 4 4 4 4 4 4 4 4 4 4 4 4 4 4 4 4 4 4 4 4 4 4 4 4 4 4 4 4 4 4 4 4 4 4 4 4 4 4 4 4 4 4 4 4 4 4 4 4 4 4 4 4 4 4 4 4 4 4 4 4 4 4 4 4 4 4 4 4 4 4 4 4 4 4 4
1000000 1
1000000
2 20
1000000 1000000 1000000 1000000 1000000 1000000 1000000 1000000 1000000 1000000 1000000 1000000 1000000 1000000 1000000 1000000 1000000 1000000 1000000 1000000
3 5
11 20 60 22 100
2 21
1000000 1000000 1000000 1000000 1000000 1000000 1000000 1000000 1000000 1000000 1000000 1000000 1000000 1000000 1000000 1000000 1000000 1000000 1000000 1000000 1000000
2 100
1000000 1000000 1000000 1000000 1000000 1000000 1000000 1000000 1000000 1000000 1000000 1000000 1000000 1000000 1000000 1000000 1000000 1000000 1000000 1000000 1000000 1000000 1000000 1000000 1000000 1000000 1000000 1000000 1000000 1000000 1000000 1000000 1000000 1000000 1000000 1000000 1000000 1000000 1000000 1000000 1000000 1000000 1000000 1000000 1000000 1000000 1000000 1000000 1000000 1000000 1000000 1000000 1000000 1000000 1000000 1000000 1000000 1000000 1000000 1000000 1000000 1000000 1000000 1000000 1000000 1000000 1000000 1000000 1000000 1000000 1000000 1000000 1000000 1000000 1000000 1000000 1000000 1000000 1000000 1000000 1000000 1000000 1000000 1000000 1000000 1000000 1000000 1000000 1000000 1000000 1000000 1000000 1000000 1000000 1000000 1000000 1000000 1000000 1000000 1000000
3 5
27 729 9 243 81
2 19
1000000 1000000 1000000 1000000 1000000 1000000 1000000 1000000 1000000 1000000 1000000 1000000 1000000 1000000 1000000 1000000 1000000 1000000 1000000
1 100
2 2 2 2 2 2 2 2 2 2 2 2 2 2 2 2 2 2 2 2 2 2 2 2 2 2 2 2 2 2 2 2 2 2 2 2 2 2 2 2 2 2 2 2 2 2 2 2 2 2 2 2 2 2 2 2 2 2 2 2 2 2 2 2 2 2 2 2 2 2 2 2 2 2 2 2 2 2 2 2 2 2 2 2 2 2 2 2 2 2 2 2 2 2 2 2 2 2 2 2
1 100
1000000 1000000 1000000 1000000 1000000 1000000 1000000 1000000 1000000 1000000 1000000 1000000 1000000 1000000 1000000 1000000 1000000 1000000 1000000 1000000 1000000 1000000 1000000 1000000 1000000 1000000 1000000 1000000 1000000 1000000 1000000 1000000 1000000 1000000 1000000 1000000 1000000 1000000 1000000 1000000 1000000 1000000 1000000 1000000 1000000 1000000 1000000 1000000 1000000 1000000 1000000 1000000 1000000 1000000 1000000 1000000 1000000 1000000 1000000 1000000 1000000 1000000 1000000 1000000 1000000 1000000 1000000 1000000 1000000 1000000 1000000 1000000 1000000 1000000 1000000 1000000 1000000 1000000 1000000 1000000 1000000 1000000 1000000 1000000 1000000 1000000 1000000 1000000 1000000 1000000 1000000 1000000 1000000 1000000 1000000 1000000 1000000 1000000 1000000 1000000
3 4
1 6 12 49
2 6
9 64 19 16 81 80
50342 46
3333 1476 89238 388366 936343 59463 423781 637927 619421 380388 117406 909966 266017 71017 980081 579780 155717 879985 198443 980483 488829 118124 700891 429988 35934 118862 118778 923000 988190 800159 265255 936255 440882 848523 448016 401568 179169 14326 1509 35292 959867 725763 188489 178676 28596 120785
23516 12
91539 181137 217058 536761 21993 206159 378546 483913 137160 204739 433511 266382
141183 93
342997 144625 135902 337723 11714 455678 210014 720022 77052 291708 484511 904862 302514 83313 25588 960661 33063 2036 25388 279696 7509 903529 130855 1967 659040 763744 12245 485533 203310 110656 365796 191508 292084 143238 344 276383 197494 17470 259221 28209 75089 793818 803704 353418 779036 188646 123634 314244 213305 589592 113010 244693 982492 913111 611887 83472 979785 108879 17077 20929 221346 112494 2456 175171 25451 513294 430103 359984 914874 711481 654228 681161 60965 5427 209395 951106 37674 897750 210277 364117 513954 782802 2047 555158 29570 428313 199713 364883 209200 9 298694 294244 3227
196314 97
181873 37478 86120 17924 37 485825 22578 408248 5500 807889 177703 507593 845037 488226 29195 629570 303977 226385 61638 245502 657416 9624 913879 149133 55889 202950 3411 943431 896879 1869 869379 196767 405878 7621 416312 579256 10885 2108 927 650424 586662 442686 168653 119096 456857 413518 55177 292005 72262 914593 682084 33080 100539 728257 185 14152 8313 237784 535829 32781 80211 339395 168198 4086 407821 44015 258125 614238 888980 52913 55558 956378 216035 620227 132917 892711 680752 921749 315959 59612 851388 799660 32125 44724 533192 368012 58366 933479 524327 565143 349187 95384 59979 1 134056 844124 61285
11750 77
15773 25874 250310 399157 498192 779240 7462 91849 2246 296971 113981 148799 231976 259850 874028 427992 771191 181771 750766 458693 773848 25863 667377 221613 11502 4776 679266 137937 592294 203391 7034 655347 219823 143801 179940 449550 689063 125428 526613 93246 7238 242718 389939 234394 987 83575 330848 964593 271314 66188 215066 83800 141258 105549 16970 543662 329639 596103 437995 293600 743298 881497 304628 24956 555511 213184 256957 59757 550895 72380 86883 809602 199688 93692 153418 944420 30
32782 55
141916 6831 263312 365319 672002 808124 717720 207983 96650 579556 547080 71005 522228 10789 146156 5626 63709 9153 591432 616429 72042 388091 11133 636046 40135 66686 292982 558756 318898 87107 25669 31323 768276 550543 19231 90100 637759 919165 706029 7198 68603 16947 497979 231240 302244 8642 65813 663895 22001 399137 83662 12679 686221 533672 2
159 31
726905 318811 4062 144094 531250 263755 542981 1167 193436 484 577 55035 685102 544322 137170 550800 1803 966448 738180 736714 688895 929444 671303 285 329 921500 5683 28664 804664 895274 20544
7856 78
612846 10454 566586 121296 218630 254949 15770 567655 486713 839364 460755 859895 520223 67530 64685 213029 641548 338893 15599 119644 200836 692736 490209 538133 604 278473 3769 803367 516465 848375 194925 12132 86888 415955 267165 262381 611212 21416 805683 662872 500279 499758 924227 310436 137036 164166 114711 848667 433462 13865 70661 19 30427 4591 676832 10326 299294 39243 155558 800465 819404 84599 166826 554350 447684 131091 222340 544785 3642 192042 9211 17990 360548 719464 44615 732841 2935 60599
170366 24
270090 13566 3494 940725 169443 613826 553015 916498 531568 332671 71374 554916 886452 100272 154547 917510 417055 4744 49250 389814 6 61797 480847 16500
28420 48
180616 536330 75 134252 187310 2733 335936 199975 637718 500452 594020 661610 133675 20712 169498 819031 579592 898879 273375 94479 490929 723472 102639 762517 293854 6565 130177 8913 731564 164485 644586 336172 46496 19929 557137 221030 14372 228593 210941 547119 324842 407766 25951 435954 892534 264626 34073 614278
199750 89
393009 28676 263878 207745 2748 71273 211987 43953 9086 406399 132069 14157 36035 70065 154955 183597 9654 657384 34811 683744 145695 635290 55372 225418 691601 285015 397540 172334 145447 18586 327258 4046 302436 417171 59091 860517 10802 481040 611892 978402 8810 20661 220535 36283 292829 576445 234540 374662 211749 579495 974339 297133 363459 252012 549937 210889 656372 16337 707231 636273 169189 596553 523379 843248 995155 791 4169 12960 318471 16481 422467 805160 293434 249232 13772 329394 9539 479 68068 79768 119571 485553 536502 186258 261124 6522 137211 47871 98928
74456 16
378594 300349 485858 232592 6912 11087 77219 4414 480806 351023 73833 367 703005 140 85 957787
18711 63
828992 191074 45646 502459 672587 64507 521248 642039 13339 499921 36228 789830 715793 274005 424187 39137 688602 180885 716973 40534 374825 24449 720496 118460 55367 871909 469866 652452 46655 28385 37953 525311 960655 96061 122711 785259 2365 2678 343593 337116 397111 482329 874998 451266 248249 643467 247592 593917 303378 266028 618885 646541 196999 744373 98557 13301 367085 332131 755581 520141 3504 12767 322382
372 79
416012 996928 123954 824755 701217 904182 642157 176885 733112 806394 868039 125180 327301 10406 690789 563570 237321 81442 569856 226313 918958 9318 9422 476883 827961 372647 198657 435474 77815 307428 3074 469304 927278 253579 38192 999836 82922 115710 2 334319 262612 737894 506439 419219 94 636419 30401 732634 194139 36454 158159 175801 506241 11817 483473 663404 975274 4542 440590 355945 990569 466071 994600 180865 575 726724 189855 64952 238560 968015 187617 533619 878226 32650 84577 754917 771129 637079 403981
83287 97
462977 862508 12320 172202 892947 192012 458 967920 242710 283879 115823 759945 455545 14655 181628 562390 3754 1066 47448 228658 575469 208309 175184 34497 501232 9177 132051 582294 274854 383522 675054 941917 76391 265085 161056 736474 535128 27060 588971 77668 555125 167835 236038 169780 3233 79298 3440 257 537117 775346 429 567207 97462 565229 225938 214533 54394 5331 816116 375265 720498 377823 44784 347319 703000 114094 586026 716253 230161 28747 7573 284535 941 1185 627747 420804 9652 68340 491130 21967 2337 2358 540091 362713 699972 601634 11275 981139 346751 201815 489536 59809 335323 6535 117045 583856 280828
226321 42
20645 1487 677759 233111 7433 344821 626591 477820 953580 382739 48275 135276 355207 108545 290724 173203 1535 649767 921348 99304 141066 161153 834402 69819 10995 559074 109470 139257 284579 294448 125 826607 6139 632439 220408 133945 168620 752146 134922 585589 345781 438415
203045 20
621814 70523 867843 214601 551170 743106 108699 799141 107754 36215 250266 914072 718712 209507 94502 305995 505037 96793 507534 748645
84497 58
422363 922009 128907 43294 451969 498328 879954 679239 272056 28 143267 64294 24667 298375 236493 715465 29968 947990 189985 292016 474133 544758 5977 5320 413665 196137 9715 349493 20105 142314 66841 384688 2823 306990 591134 104845 162344 3279 11500 72766 331 260026 459710 43439 297290 85 878480 576977 460594 49265 1330 128215 196033 21275 154827 92121 6752 13648
239677 79
180318 405678 12114 339571 970435 268299 8179 86587 29 371178 213112 514063 254717 18422 170658 657388 355338 542258 115952 136815 51281 923795 670431 26241 18263 236651 487518 294145 775792 153432 102380 863361 20547 712616 998806 24812 119677 818440 219575 994973 383058 149606 9 229054 417814 717101 800359 374452 858571 11232 259412 873615 3774 247305 982668 156392 76246 76426 88605 361004 63362 150712 29277 478093 142827 181281 30868 15372 684704 460132 1841 35337 915020 622878 241904 346437 25087 1961 306875
145834 64
898052 205741 191653 31938 927504 225503 2442 311880 601078 396590 678553 925168 1842 46 290379 1621 337795 759113 5403 34378 86377 309528 678938 107342 861789 95456 172598 183720 689401 124461 112731 95228 209453 59359 93392 48148 546857 526472 482345 477396 958755 94079 694360 777923 358301 963720 600803 47381 316117 36367 428593 10736 55730 99748 7370 51235 660400 670189 188691 711944 225132 593824 743660 116093
70608 77
276026 698233 3431 916993 842429 14662 178154 11316 128085 570007 626916 186110 21297 951305 611950 118211 20478 249652 550718 92579 220377 297215 146741 206764 417308 257001 664479 970752 987284 92341 996519 206369 464067 88369 44544 680973 48754 990184 43384 316862 998714 188788 455507 836702 617995 86246 992310 333032 94090 980918 959750 626083 756819 475454 381452 280899 893850 230017 322975 698226 3187 63 197916 88101 169920 486001 413 32044 453688 10391 604983 103185 236294 271644 15 7814 234060
9123 87
57427 6206 13824 36959 659510 200435 302031 445208 80549 33151 967124 6447 431018 651908 169163 156637 9845 3578 541294 577867 554134 432407 28847 858167 502055 93066 9915 196674 127214 773252 673466 492246 736232 79216 989806 375073 823419 712685 329554 373604 116058 13987 80455 153746 218207 218570 533237 226944 49773 477036 45324 461864 205562 580944 628060 652077 11413 53964 71706 420 850853 47170 64842 210565 2532 207795 952107 644424 689539 291607 48922 61567 2944 944387 553365 276446 152231 451637 701126 961823 632106 641201 334193 40870 644281 160220 123406
26731 73
695761 52583 17834 17477 421871 7683 783604 41009 367708 390926 943524 11610 190974 3066 308112 690419 124683 81735 46084 795274 134345 477980 443402 586652 31255 493061 115549 288732 569339 697980 933629 344552 443815 197607 358800 55324 905646 158740 125528 3177 22174 63644 27646 928 19222 417352 306623 209751 393192 62014 971841 801720 195771 629999 279505 319314 92671 646410 15019 225237 717700 480022 42342 527800 892182 206131 972934 260841 79244 199584 523541 162102 464889
33272 98
53896 66764 1214 316617 427849 182995 67320 399331 435401 206 985929 484213 102938 418749 5362 83721 891226 169434 201810 978976 113512 191794 65538 663071 563805 81490 69525 39564 245311 56148 85747 13063 645839 134891 162955 284223 229380 150524 173500 594446 275272 97308 27767 530684 8923 9146 382453 927038 951264 142339 139006 24890 53773 4815 735504 9272 427202 104359 576301 22559 228493 389161 590197 690040 58431 738965 172 414445 93959 679509 490229 339549 523083 927883 271479 802694 693541 124426 170504 962239 323221 57837 324470 872521 38687 373122 82688 59393 9652 170395 91215 22987 233705 14420 801076 613639 369092 942030
99753 64
157186 292615 729143 13733 111108 393857 809952 325596 875 39804 155159 243207 352461 526435 506847 428279 172185 377822 308296 267170 388027 445812 513498 239750 36495 323414 181300 21422 393681 12482 178772 574375 346335 435628 90900 788762 502738 83089 117374 317034 317689 35244 30766 104426 644379 166212 640445 177947 4755 420012 450820 988640 494517 32235 110727 398717 8606 762114 423659 327104 787968 15795 219137 533720
34761 95
56433 417685 75095 6317 582815 549000 92858 49921 184464 169442 117749 269317 77331 89096 103080 486398 171951 709721 13680 282981 2429 9191 361151 719402 125895 120372 276634 42268 209340 210247 212309 257017 118371 823244 116937 458926 433932 622 415773 776472 686157 437851 108520 303052 339730 201466 737181 833718 220833 752137 803314 100122 12 642276 61808 564060 482697 628242 402186 294510 132343 88264 466799 8406 643074 735542 167932 691079 473394 546029 524443 79984 12112 5052 107755 27423 390761 118510 9233 114770 352 323754 837211 1500 82155 629052 470870 829960 43721 74303 14408 8744 54738 484169 468357
7110 20
121553 357962 191246 150143 914075 433274 215340 32087 101305 358465 258349 286053 110559 26740 820507 665848 185387 104568 1427 193696
231651 99
21996 105910 13484 227841 811107 40341 885610 334109 245325 232540 656043 629527 154971 54345 514464 405370 454274 40010 589358 26801 131119 20326 1118 127356 194299 185658 179157 96021 319134 797705 1437 643179 78329 151737 30548 619062 91784 93394 464842 328572 436278 809437 44271 186663 925821 609501 8 207750 486415 132006 243865 275832 869859 703571 102291 227583 35543 178850 464928 128038 885324 276161 506567 303163 876853 346699 531076 4460 631827 2825 150756 135774 1637 7280 3382 11250 192691 31171 140231 458321 101783 31917 726971 491669 530876 154187 222015 190393 22939 110702 81398 69233 95282 167980 59434 509379 280076 886632 487439
64271 37
11800 27771 90255 849906 184753 292153 260617 858948 443489 29196 29196 238440 608008 63003 134808 387531 102404 971641 573401 529 112181 46747 454613 8 80883 845825 756549 306973 28024 934420 37289 242324 641 109084 134890 300908 46826
4231 15
505735 389896 396365 1906 623951 797996 688731 60268 979331 816280 623063 46943 23369 399787 106242
3145 60
91787 10 671944 178336 172786 58369 738452 796946 34670 315725 230940 92712 604833 5068 422315 279052 860688 22054 24236 113357 370092 9845 21 484143 17415 27588 583075 313982 903349 491008 618858 26443 143674 267057 93865 409209 243649 541359 255945 816295 26158 852917 321617 20232 93139 878070 112073 392513 628542 51328 242162 212988 185455 21950 307819 182060 122641 221482 280257 904413
98078 92
5599 441473 84207 545168 37941 489922 7323 884419 373422 301888 171167 461534 99887 705551 747459 167217 58098 565993 379 6672 352692 69852 12811 139 452739 222145 80956 522375 280842 834802 256466 852981 996323 470523 104027 348086 316364 80359 189572 82296 570460 427831 4015 133776 470056 201975 14518 500948 635362 217 495134 42453 119316 272502 238371 744382 758058 97831 751446 620683 368769 509 8893 514711 580064 36806 559448 83800 750250 790256 706050 53123 821447 655674 838758 360663 436234 367108 181999 106452 749487 10733 8762 209968 117185 367214 161943 746711 482 230056 258805 1031
141456 10
418464 168439 241973 772275 470263 33608 468691 612748 811242 354596
71554 76
245372 242944 558918 542458 673143 6849 484688 123035 405477 716307 128769 389154 50963 283939 19705 266271 615139 152145 682632 389971 730595 699209 118074 136707 406879 451371 373844 940550 187772 964901 48357 10998 68507 759690 738151 727392 850927 735105 356702 184688 1381 254333 115209 110314 242114 840778 5693 112519 87985 115951 55711 24977 332 6962 745731 72712 5928 20725 631538 881926 101754 462 12240 144604 70913 392544 656169 209211 366882 3385 32212 38137 807567 13734 74217 79931
5146 64
42910 581749 181777 49283 885696 428800 627669 98995 846068 124447 744361 11631 561981 881123 328624 250837 640769 372469 4633 89969 109087 4979 72929 932413 909215 904 141441 110578 41035 45635 838062 88 935385 326343 299372 361380 31176 1283 674649 160503 545944 134282 321 14106 514374 338107 233332 55598 44495 182617 205825 519071 682467 4237 201120 434923 978063 16712 526594 888649 496333 232106 927067 87818
93404 44
105838 53215 326748 56904 18644 71 13595 445596 66538 784243 9910 20447 1118 101328 74983 526 24727 964074 9809 588210 356758 149141 646110 702657 164333 353917 925029 389720 12450 183800 211043 790617 718989 539907 141968 533948 465697 963376 885255 84285 719432 384911 864625 900023
216591 42
47244 17003 864619 555468 52773 763868 674046 719756 361214 431511 505333 935737 221996 152731 893363 584952 701193 114347 10597 849994 77750 24192 100284 282 586 640889 666102 906817 916002 1615 98995 14986 164401 54969 371943 302596 773545 167431 774733 254113 301121 202191
83157 61
327521 953007 921675 28402 156880 282434 23713 143 882338 461359 30586 116695 133223 23212 804115 608090 136341 304062 771878 272957 917060 65491 30788 37286 164014 174490 141280 60117 718646 773325 696999 118331 419089 746039 10215 249409 10766 82399 796622 434113 158971 317649 27917 20685 14528 18579 269772 208488 989342 468241 547514 494316 187900 116433 208925 131283 783863 95136 188740 420132 52832
50457 48
75382 119605 658454 543930 356452 118609 131382 19127 382675 97591 84122 76255 53977 178339 240481 218703 704160 614948 531380 256962 77761 48355 145199 297 756610 2 18420 135751 202715 2083 415074 74220 283859 707943 24970 187434 712650 910372 901409 490135 552570 664323 54265 19392 928393 998191 497006 822687
187433 97
741732 132 362130 281752 67751 22801 631749 68882 699 508344 806976 567911 9288 528882 291338 182227 861753 626168 75322 52647 37306 6641 254422 203764 439571 126639 284274 75237 132046 74993 8063 742620 20789 831364 770990 21969 5743 544509 718380 273584 367715 332142 110143 107206 163888 288703 35632 368534 246957 693010 722850 736698 281902 170616 44484 552741 25937 79130 15059 438512 74731 2398 354581 246745 760229 201088 24320 621896 28484 405088 479696 607204 620961 555882 35080 517759 549096 88271 90965 456275 985759 946511 77803 94823 31440 659795 139807 18155 534836 8630 529075 36736 11401 707801 50671 297 142477
120216 19
103322 416787 203456 107909 1543 23869 643053 110409 259867 754489 192564 15 916033 289664 2296 379165 112190 122025 87907
55079 69
32462 330298 369273 121 960506 30162 298 368485 930785 16023 203481 446641 998211 68481 448967 4121 341081 8573 424384 413803 667494 736 95019 171211 150331 35472 755941 301509 571028 497128 19395 251095 983404 17828 912049 28403 703802 35349 15768 29616 432790 840259 326180 515483 655781 44441 220937 725723 646233 7772 172992 8824 147802 54771 240692 1945 232736 317177 304070 987589 58642 957789 497603 11400 830667 116479 139900 867011 28989
93211 19
393717 6851 22683 733341 23562 27929 426156 334250 11727 269569 73648 929642 25139 679282 117201 747907 957700 233183 299272
28212 23
90201 16656 4141 148134 959738 670 38440 705641 956119 750335 908532 26739 34636 1759 414547 165465 67722 927405 638046 50401 546134 379834 20128
43954 42
899861 656066 198136 34823 351747 279699 575318 530896 170695 414193 804719 419796 298259 740203 108261 534929 684899 915931 99583 550688 567759 34281 163394 202036 195646 200440 230274 403877 99669 697973 98782 404326 303971 70684 5340 78034 155314 23057 13874 99295 422952 954946
231807 18
744111 3204 71855 153249 590152 114698 259669 739955 829193 126 143881 241264 4193 884811 127646 139771 270800 908414
90460 14
752894 376103 178025 125178 3736 974638 45582 197882 173301 948556 32 292948 475866 193490
50000 99
301170 110227 16352 857585 268759 889450 53119 15527 24800 49774 446635 121922 48061 212315 101124 314553 152538 103291 771211 1007 369468 429779 843955 46207 152698 333598 120707 326600 10536 442750 291669 339095 720557 2187 57737 61871 243731 598099 790735 141372 227777 20324 197552 163858 485725 2156 573703 322341 192989 1926 192480 869862 149630 693928 293952 754442 60881 393916 132715 740700 308163 292450 488213 278432 974921 24343 342622 193724 599069 67005 1858 621932 4871 15033 575370 568669 705024 317743 543097 542672 851442 771198 249016 324756 68180 72922 573468 987318 52803 694398 825543 40293 350968 43758 101747 812205 493616 16043 203618
1625 87
213599 796348 498921 543961 646595 821221 9680 142775 878583 629260 329374 188216 22439 562267 80468 7498 141414 211866 320247 296575 345267 40303 285492 616859 844 498775 887599 24 26858 192984 429465 14780 609244 464879 853082 975071 43427 335711 860761 577287 887929 957 412167 18933 884617 621157 327925 718410 976104 37833 65759 7934 867955 538284 180595 287260 87366 584820 950043 602883 89656 819026 86000 366392 907296 714130 391533 723216 74 224230 70263 234022 330186 416951 594149 202465 192294 863766 15268 125767 191858 30730 314456 74070 814231 228496 159513
71746 43
86570 54127 87442 101031 130608 104776 502766 303288 615875 872283 849568 669348 3758 74493 797634 155127 547215 26862 5683 225585 673678 173582 58319 734890 222974 88065 11742 707332 128 418546 607363 190298 944301 695040 8551 298109 902777 660992 965150 684875 243113 330475 458925
41985 83
728880 585802 8551 401118 126065 443591 13009 22537 61056 209071 65024 139634 267924 12055 142238 53215 401218 367465 888657 196689 185401 22679 424949 117122 862750 400258 78972 135636 53236 99019 174158 12025 139919 983042 540904 7080 763810 878337 152243 240123 314505 593277 223308 796614 865962 753346 945829 207979 652153 97785 47666 27478 50635 103 197274 33353 791487 401316 19222 838808 4854 96 426695 364830 3650 220719 733152 580289 71453 14903 76031 950752 999 273725 522930 934151 942296 775098 862413 648930 640529 879780 943293
249555 59
432366 90637 35367 122863 657275 286266 825922 78446 512885 592580 54767 884763 37063 778890 894190 55712 513270 353372 426367 174567 84302 399811 623779 208080 999077 661379 80460 1587 768804 251864 700663 617658 110310 175955 562635 897647 526813 2472 192554 155033 470925 82 386034 427938 150564 97332 902866 379557 41139 142929 14284 179885 527283 196 408934 496548 6441 760867 286692
59345 22
324353 1945 402677 638421 203442 277999 379105 64809 166484 469 830557 799948 340888 550698 8 750980 87129 805773 21043 894906 925362 492927
75663 34
208410 16865 957090 380772 85905 150980 23754 286708 594115 850737 41860 434602 554469 819592 836701 564 266156 974337 208112 858371 23489 265908 682717 5839 32128 12675 627021 80062 36188 472176 8713 26474 23840 501526
19979 50
123563 1 368506 48437 425481 171022 695103 803497 386948 9290 715795 482582 5272 61415 149079 949 15389 498767 320546 664734 30467 133776 279056 523096 115465 640449 854850 765826 493978 628651 582847 408795 812 532238 162077 418563 679369 318234 43730 314971 493997 311060 943590 74521 156016 595 15627 765452 46936 129766
3423 79
879630 67818 98657 487912 5055 835 247212 179456 996553 16360 387034 408597 3884 265607 97049 2481 366511 4940 249558 95004 688148 90097 36886 793787 746523 265463 113363 100104 111754 13492 717390 601074 887579 210305 153748 57870 354880 703063 874810 209498 153004 94 610647 764413 44832 4257 430057 54947 102730 217949 831240 690570 63889 17495 59303 556451 30438 850154 112126 143093 120981 369726 595599 413459 393129 729640 514230 240968 6918 523452 332612 1723 564423 205891 320597 2198 184115 593547 217744
199943 64
61362 280879 367208 398986 18481 784404 1832 814511 45936 978 830584 56489 91520 106241 567670 811606 79911 77007 415447 6317 428846 62092 114079 587 960159 105688 64527 520955 96746 853505 144775 630508 82346 244437 322668 712843 270931 29374 130263 271255 572914 897328 461389 446018 26382 252891 250607 37953 3933 51810 11514 44233 203575 128113 363630 415366 70052 688195 943465 1134 336992 524119 102122 861349
36809 18
439357 196348 392876 376019 39006 378687 152079 13629 717785 275329 76768 53999 2074 340114 18844 233680 460291 56520
88567 72
201367 634809 76513 72028 290496 66926 197577 88337 295336 319580 677068 783278 90650 282317 161684 226655 556615 98723 60097 39860 10184 141075 2228 52084 515247 74203 257507 714177 6852 25046 98911 27698 34135 609981 259633 47035 83810 697354 125309 11683 1257 156333 6475 664483 843653 539038 406334 154604 308588 3035 740881 198668 125491 450513 202411 142955 296344 179 51167 718062 967321 417606 820326 33477 49328 24016 407695 627907 948095 53620 433445 241708
340 33
13613 137356 479059 26424 990296 849811 497197 310177 392452 608918 944462 47863 914437 239455 118947 459536 217381 492410 22398 122051 75899 164283 920383 218548 424351 12870 3210 370369 411664 803168 334391 141276 832816
120938 12
364222 132750 402192 202252 72192 389377 957123 397772 12712 107186 998257 785252
26594 55
270654 879976 56462 908412 428757 396992 4389 180438 619979 57142 631076 538294 38718 686067 4833 30543 568960 504043 362353 845311 299810 236224 58800 105702 867441 359491 875357 234903 918420 2465 948963 234654 294015 149523 424823 448089 139696 10157 47593 222051 924 30935 151776 989576 150068 43257 377930 212236 896165 69218 194508 803149 498324 163457 285757
9452 91
10388 110580 79993 287079 312593 563027 8635 834918 414779 571685 772196 351868 19787 173453 176498 105054 166797 20177 758798 825754 72164 38784 109875 187730 863749 973738 70 82670 281113 498496 65001 86760 551185 132261 9184 91521 434696 215882 446234 50246 782497 3372 164113 84539 414660 64238 203755 390458 846054 18307 226011 225749 520139 444047 176261 5302 451277 84058 9995 7173 246582 269239 510020 75326 233090 331008 8852 2532 336637 6615 38180 269 5593 406923 225345 22496 113127 26901 343508 73100 2062 426127 105657 46241 41457 207333 377577 631732 615383 750835 346045
6424 62
127836 5903 985591 1458 597528 39728 405785 32315 239185 642158 290813 229902 910209 900879 479481 11749 287150 593451 59871 167 147894 172582 853797 533014 307874 3401 704896 69992 693665 11173 1626 46718 388831 30540 38331 51029 829583 239363 550585 176457 971491 132 80256 37334 1446 25066 132195 165792 38020 577221 885471 101123 791535 449318 75990 897970 346303 419788 636 89061 260898 68613
104908 62
59408 4399 283992 141573 512359 54860 275580 619074 242903 444374 3928 110605 155416 422197 70882 143165 697198 286488 59306 5392 129885 139052 241782 67668 71418 778785 15747 199225 3022 69734 89541 848647 895770 853190 333975 71131 327540 189092 515557 5691 477267 28128 38236 51577 90405 485596 277786 621869 24936 670466 151314 108796 398072 518100 299729 424344 89816 280108 74307 20248 1187 7000
222977 28
770693 204624 207555 830720 893547 130011 301399 137875 37654 357334 806437 8854 260346 277243 631267 62693 77788 36 930237 921321 108322 114374 17327 612433 376714 33586 2083 60065
79 13
888079 590973 15664 117762 119802 61030 287416 451950 367122 105802 219398 862774 25344
82771 59
880283 102277 495892 283241 24550 931932 37448 381048 414815 110647 19938 396124 62455 160919 552474 891501 898999 592429 209033 430196 567266 542444 433510 275164 978189 417807 723903 528851 346969 327224 841 589624 850259 217181 460605 291433 237638 16708 256324 652309 379 109057 388177 15918 141643 249014 227452 285 90953 22821 216430 320333 346100 688348 946124 278640 822746 14022 10431
48252 34
829409 24331 156240 751087 20014 698844 903111 7242 579179 494970 64118 1761 44561 621230 685445 373702 642198 419941 44407 274127 267813 2755 303236 38133 247466 258107 121051 957911 6161 13440 236481 537052 67094 764383
11371 17
857495 47811 184034 465994 109463 510570 121949 485604 336181 185811 217830 967213 136446 147127 999981 15735 96141
92920 55
233422 202153 832711 30740 787572 839120 14120 628512 612275 27429 2490 512302 36403 502281 468961 231184 205335 21339 52648 650289 402940 654176 449038 98827 615741 454695 527665 672426 424092 126607 958364 635445 97173 368416 216889 354106 14899 512435 737631 7206 5167 106510 69144 465315 180504 505063 915933 752730 262265 366383 626642 673643 170 604768 8149
8397 73
936433 352838 539742 757441 156684 336907 388773 1200 404701 383317 14550 346466 8228 583871 589181 12619 931733 80510 578886 49017 201444 6440 185557 26676 45447 170555 385260 462942 221179 12863 24307 256040 7434 864400 747442 481455 63683 338890 421632 364370 29953 3624 607998 82 69785 314516 770211 21632 262940 844224 2306 47271 93490 644421 133892 449299 181523 472160 324676 190894 913502 4978 238131 318841 84051 3669 7963 186705 53667 123523 768856 3509 956024
55510 60
669882 466597 655327 61913 99534 110837 156017 271001 122309 339349 167994 176543 56930 159850 911457 789702 186891 62770 963877 56578 255300 294175 581720 146001 857772 150512 346323 107714 260642 619958 6102 271342 379972 281118 793 267715 22389 35337 408018 484963 358788 334348 698796 777888 196498 984486 281867 153743 520316 668022 512507 655 231858 89402 30274 899469 99490 166565 501991 15
142609 94
4208 981985 586754 4777 92650 11546 446754 582223 22740 21408 152580 161896 136325 876923 355663 583977 48072 935986 837681 13234 537544 316768 272543 418038 123728 2722 10240 73415 457020 26283 6645 34975 8756 972928 622539 361278 924375 776340 550052 65201 310774 277493 646275 441208 872323 223355 765253 364434 408966 143742 65861 61188 75858 200168 845610 438535 60421 778996 528309 417174 399491 224306 523512 180673 482369 656700 424758 126856 1976 9814 477313 753526 182712 622014 84533 591942 317551 441772 240263 162368 342128 150495 423093 370466 339195 290155 749258 206345 207519 22461 640705 472470 51802 159173
79822 13
520432 104672 733974 46217 792353 749088 109390 738701 97480 40446 940900 975287 270224
212350 64
127540 67474 625304 656268 106060 29304 224039 773870 733323 37197 724552 768382 763825 4654 1148 740236 302819 143107 981932 209554 37161 71147 794983 22179 735070 849612 295010 182429 957854 868059 123057 753773 2260 430 1195 1993 101564 416757 676389 368646 142047 637010 151665 641864 191441 5241 65026 392557 151493 15375 814019 131557 10094 207881 15596 192896 488911 15436 7754 52045 10211 200114 116892 348486
163718 87
533637 3070 915151 726998 43567 815101 198478 555 32673 43393 653524 301949 755295 807877 2168 20121 848903 8980 50054 201265 543410 303219 805026 468052 504581 126357 656851 4442 786244 14490 17600 114353 309315 166325 6177 903108 478879 140105 580393 150461 434362 672090 73413 279828 111258 996154 255331 945023 151749 368055 257807 886202 22346 187835 536375 710737 211189 826562 510863 297972 165903 514358 706225 174978 636649 4676 71737 688730 310707 624107 85219 49476 521900 118461 106531 208046 83114 113948 125826 878885 794739 885665 8583 130 98389 853052 331328
25442 40
551940 320134 472007 510430 937575 185817 173206 162455 15027 300940 466329 237801 23435 834440 500477 599025 7867 25397 278274 507493 79844 711350 90178 794815 328753 57851 340397 438285 521311 291394 880843 84091 138365 648650 645056 693415 16253 75640 646907 544104
129103 70
53106 44671 79664 235168 39816 255659 87895 68181 102482 472180 43728 284305 16447 395061 651 11548 949812 747296 378 899778 184977 28191 121547 164453 34498 14289 363451 52820 54155 509784 19771 75501 232645 177069 357697 28156 783072 531486 883115 571483 112465 23050 244359 214236 866411 242035 256391 566387 33877 932907 201941 466 721689 103810 84879 405018 406644 97778 25601 210509 35777 582739 285823 415901 1841 251456 444717 957990 4929 698541
151017 14
289697 511378 3909 331270 497096 56876 755594 857534 659280 817256 536339 568499 87421 95206
181994 14
91786 563786 133026 330523 809102 5648 325739 790014 434930 62602 68124 283551 735054 2226
170779 57
712337 172088 640654 609541 49666 824797 903621 26720 12428 183224 976230 431727 8583 977970 9636 236169 843376 276179 160864 732725 38270 575734 505580 1077 172087 57904 638712 27425 269608 601341 197021 42888 806750 576181 900347 3141 266977 34155 199229 835868 1724 854740 286315 27484 16294 201076 794655 27342 456988 3797 225029 476690 752239 23980 488640 34237 694524
75096 80
20925 399303 307420 11273 875916 188339 10258 273388 546857 64155 858908 418434 29565 716010 3926 432010 433025 273196 371233 11640 810103 492397 479298 298918 168969 15875 425784 739336 518526 440433 200155 55557 131864 356318 288285 506812 241374 132554 22350 336839 604320 384542 182608 3853 395888 21157 954480 4927 502427 115557 193467 795 21592 479282 15982 510294 611 854742 140178 717841 136 337132 331813 364315 968610 442015 58243 868983 8909 195938 556910 479153 22968 120536 55058 7420 868822 635848 996746 673335
159412 32
3269 127095 248565 335857 586933 12589 56297 535924 536708 20182 308183 228849 7870 41784 234958 849918 747693 459605 922495 17845 98398 384511 42271 633508 177010 71739 120525 200366 144457 159467 848260 32882
160452 44
17533 20476 582794 461538 547634 856184 721776 198796 549686 17702 208027 26721 37416 804555 555783 331805 3266 167547 431577 42680 445867 48743 997423 613252 198017 146095 22720 33794 560813 98666 75916 17265 95459 479427 868123 839062 509195 185176 715820 368457 57372 99482 498595 375071
