100
3 8
5 6 9 4 8 2 1 7
3 1
2
3 10
2 4 8 16 32 64 100 100 100 100
3 10
1 4 4 4 4 4 4 4 4 4
100 1
100
3 5
11 20 60 22 100
2 10
100 100 100 100 100 100 100 100 100 100
3 5
100 100 100 100 100
3 4
1 6 12 49
2 6
9 64 19 16 81 80
1 10
100 100 100 100 100 100 100 100 100 100
1 10
1 1 1 1 1 1 1 1 1 1
12 2
80 12
9 1
58
12 5
59 9 67 5 9
1 8
18 2 79 1 16 67 53 68
17 6
25 98 3 42 1 92
15 6
31 84 33 2 14 96
2 1
10
6 7
80 34 26 10 13 46 1
1 4
1 11 75 29
3 6
6 30 39 4 97 5
22 7
75 1 29 61 5 21 35
13 1
1
3 4
1 23 5 48
1 3
18 20 28
2 8
1 21 93 39 71 1 69 62
5 6
1 1 1 33 49 2
25 4
66 5 1 58
1 8
35 93 60 55 11 52 13 38
3 7
59 7 2 58 57 1 12
2 2
1 10
1 2
88 85
12 9
84 6 24 1 1 48 92 8 64
1 9
2 6 34 16 23 80 2 78 12
16 6
51 56 66 69 96 3
11 6
2 6 7 68 5 47
17 1
27
12 2
15 72
4 8
43 2 7 38 72 7 90 3
7 6
96 4 1 29 15 18
17 4
55 62 85 2
2 2
4 18
1 7
12 3 54 33 2 5 3
1 9
3 45 81 97 33 6 7 96 21
8 7
87 6 40 9 3 2 21
3 3
8 1 94
18 3
37 23 18
1 3
10 40 2
22 3
23 43 30
12 5
28 41 38 70 1
7 3
3 51 37
23 5
29 1 28 97 21
25 2
60 32
1 9
87 25 77 55 5 36 74 14 32
7 5
60 78 1 26 49
1 6
4 1 2 3 18 10
7 5
9 33 17 48 73
19 2
34 18
20 2
64 42
3 4
3 80 4 68
6 7
30 65 52 6 77 89 47
1 1
5
9 4
28 74 1 70
24 2
21 56
16 6
24 47 6 1 9 18
14 6
19 1 1 85 57 98
13 3
1 3 8
2 2
8 1
15 6
10 10 23 3 45 71
1 3
42 9 24
19 8
28 66 36 1 99 42 1 10
2 1
5
2 7
82 30 79 8 14 12 52
3 9
29 1 75 16 8 51 96 71 4
5 3
1 9 3
4 9
59 41 5 47 19 80 17 90 63
1 6
38 7 26 1 27 2
6 8
14 9 65 2 37 1 1 38
16 6
68 15 7 69 9 16
2 1
72
1 1
75
4 6
92 25 14 96 90 47
1 6
71 26 80 48 72 25
9 4
80 2 61 28
7 4
79 46 55 10
1 7
32 51 20 13 25 86 42
8 8
26 57 22 3 44 35 27 4
24 2
77 3
15 4
13 18 1 59
16 4
1 5 1 8
1 1
4
11 7
64 5 67 2 12 61 84
10 8
60 77 89 11 12 32 1 2
10 4
38 1 6 1
1 2
33 80
1 5
13 70 65 70 13
15 2
34 41
23 4
25 10 26 1
8 4
7 47 22 12
