100
3 8
5 6 9 4 8 2 1 7
3 1
2
3 10
2 4 8 16 32 64 100 100 100 100
3 10
1 4 4 4 4 4 4 4 4 4
100 1
100
3 5
11 20 60 22 100
2 10
100 100 100 100 100 100 100 100 100 100
3 5
100 100 100 100 100
3 4
1 6 12 49
2 6
9 64 19 16 81 80
1 10
100 100 100 100 100 100 100 100 100 100
1 10
1 1 1 1 1 1 1 1 1 1
7 6
91 11 30 34 27 91
24 5
1 57 1 76 91
2 5
1 92 10 81 6
6 5
76 56 44 15 5
17 4
21 5 89 24
1 1
1
2 2
48 76
9 5
8 86 65 42 76
1 6
80 8 14 1 14 78
1 5
67 14 65 2 90
7 4
56 31 9 2
17 5
30 5 4 45 54
3 2
1 37
8 5
52 6 92 35 26
13 5
7 93 26 6 2
4 1
13
5 8
41 53 48 36 98 22 6 9
1 5
78 85 7 99 25
6 7
1 10 22 86 80 28 20
2 5
6 6 3 3 70
12 8
37 95 17 8 46 2 16 16
5 8
19 75 60 26 75 1 10 1
1 4
90 77 21 37
9 3
21 44 20
23 6
26 21 35 66 38 8
5 9
66 75 5 4 6 8 3 18 16
17 8
23 9 40 2 18 91 36 23
22 6
17 5 20 21 13 34
25 9
72 11 47 4 3 13 56 79 24
13 3
2 4 72
24 2
1 56
4 5
8 27 25 29 11
25 3
41 6 25
10 2
63 13
2 6
4 16 63 83 26 2
2 3
67 82 12
21 3
43 19 69
12 7
4 62 50 86 87 78 3
1 4
2 90 53 42
13 6
49 1 5 95 37 62
5 1
14
5 6
1 26 12 38 53 61
24 1
1
11 1
64
7 7
26 13 17 2 37 61 29
1 8
41 14 1 76 59 68 78 20
7 7
25 64 34 88 15 76 13
11 1
17
13 5
21 18 3 6 39
8 2
54 63
8 2
59 61
10 5
89 2 7 1 66
9 8
74 43 29 88 50 89 1 8
3 9
70 76 25 75 60 1 20 49 1
6 1
15
13 3
47 7 1
24 2
1 39
1 5
4 26 12 99 1
1 2
81 92
16 2
1 76
5 1
54
6 1
7
1 4
29 60 67 67
1 2
20 6
3 1
26
16 4
19 28 64 6
10 4
63 97 86 37
7 8
3 3 27 70 6 96 50 70
20 6
8 32 35 5 3 25
21 7
5 2 2 1 86 11 79
19 2
1 2
1 7
52 96 68 18 87 28 23
16 3
13 83 11
2 2
51 39
11 9
91 8 40 46 57 78 97 3 17
23 8
19 16 37 64 2 2 1 14
10 9
1 3 92 40 7 77 7 49 83
8 5
1 25 12 5 12
3 3
28 86 38
14 8
89 24 92 44 17 5 69 19
3 8
43 63 40 22 21 13 30 2
25 7
36 5 2 2 7 16 75
2 8
1 97 10 51 33 13 76 38
3 4
28 18 56 1
2 4
93 42 2 30
18 9
1 30 1 2 58 58 9 19 82
2 5
29 10 77 1 32
13 3
18 19 77
