100
3 8
5 6 9 4 8 2 1 7
3 1
2
3 10
2 4 8 16 32 64 100 100 100 100
3 10
1 4 4 4 4 4 4 4 4 4
100 1
100
3 5
11 20 60 22 100
2 10
100 100 100 100 100 100 100 100 100 100
3 5
100 100 100 100 100
3 4
1 6 12 49
2 6
9 64 19 16 81 80
1 10
100 100 100 100 100 100 100 100 100 100
1 10
1 1 1 1 1 1 1 1 1 1
3 4
1 21 21 88
17 1
32
7 4
1 35 4 20
9 2
89 6
1 4
50 46 24 4
12 3
1 28 4
10 2
99 90
16 7
89 2 61 23 53 2 17
5 9
98 26 1 62 33 77 15 74 16
11 4
85 94 87 56
2 9
24 42 42 4 1 27 1 67 25
16 4
1 74 99 3
21 1
99
18 2
31 99
16 8
56 15 28 90 1 5 1 6
1 3
80 1 78
9 4
19 4 20 29
2 2
11 48
17 5
1 90 2 5 32
2 8
39 4 53 33 43 18 64 8
3 8
49 38 79 80 7 6 44 24
10 3
30 30 13
16 9
5 39 36 5 10 98 1 83 73
12 2
58 1
2 8
13 2 1 1 75 27 25 4
15 3
21 63 37
1 6
2 23 46 47 1 14
12 7
45 14 32 62 1 17 37
9 7
8 14 42 46 1 30 83
4 3
30 7 1
2 4
48 2 39 4
7 1
9
24 7
91 19 11 1 7 22 19
2 5
46 28 7 96 1
2 5
44 80 14 68 73
9 1
23
4 6
6 37 6 8 69 11
3 7
42 41 51 32 10 63 79
7 1
21
7 1
48
12 9
1 80 16 70 11 11 52 95 13
12 8
26 21 14 43 41 23 19 21
4 2
10 83
8 7
16 39 2 71 78 45 3
1 1
5
9 2
95 25
3 4
4 80 1 16
22 9
4 83 20 11 4 6 47 80 11
4 3
1 12 84
2 4
51 2 4 55
2 6
3 70 6 53 1 18
2 4
7 87 18 22
10 9
49 14 1 6 33 26 20 4 8
22 6
5 90 7 67 6 7
9 5
4 15 2 55 51
3 8
23 50 77 15 82 56 7 29
16 6
10 7 1 73 1 59
7 1
5
13 7
50 81 36 15 90 32 1
5 6
67 9 32 13 6 11
17 7
10 5 72 54 64 8 54
7 3
63 90 43
3 4
38 51 96 53
3 5
15 39 9 84 73
21 8
5 1 6 86 3 17 57 28
9 6
67 59 4 82 11 97
22 5
3 55 6 16 7
12 6
11 36 11 69 8 37
7 9
71 68 2 52 51 23 72 39 2
4 5
8 3 43 63 34
2 3
54 8 6
10 1
31
2 5
1 37 23 42 72
23 1
54
2 5
78 5 2 42 7
1 9
29 1 72 1 24 4 35 54 26
1 7
10 37 6 66 62 25 47
18 2
4 20
17 1
80
10 5
50 19 29 2 5
17 1
52
3 7
5 54 4 58 17 78 75
1 5
95 73 50 52 24
2 2
6 23
2 2
21 73
4 4
1 4 99 61
7 6
2 15 8 1 34 7
6 3
2 30 2
