100
1 2
00
10
2 9
100011110 101011010
101110100 011011101
10 10
1000110101 0111000001 1001001110 0101100110 0111101101 1110011000 1011111011 0010010010 0000110111 1100001000
1100100000 1001110011 1011010100 0000101010 0101001001 0111111100 0110000111 1110000101 0010111010 1001011111
8 8
01011011 01011100 11010111 10011100 00000111 01010110 01011000 01111001
10100101 00111110 01011010 00001110 01001010 10101111 10000001 01000110
1 7
0001001
0011101
8 6
110010 100111 010000 111011 111101 111111 111000 011000
010110 111101 101011 111111 001001 110001 000011 001110
7 7
1010000 0101001 1000001 0100100 1001111 1111111 0100000
1000010 0010111 1110000 1000101 0001000 1011100 0100111
4 4
0101 1010 1101 0010
0100 1100 0011 1011
10 10
1001000110 0111110110 1010111101 0000001001 0100100111 1111001011 0000100010 0101011100 1111011000 1010110001
1010000011 0101010010 0101111001 1111100110 0000000111 1010010000 1100011101 0010101101 1111101010 0001111100
6 7
1111100 1100100 0001011 0000011 1101100 0011011
0010011 1110100 0011011 1111100 1101100 0001011
6 6
110111 001000 001010 011010 100111 100101
110101 011000 110111 011010 001000 100101
2 10
0000101101 0011011000
0111010000 0100100101
2 9
011001011 001101011
100110010 110010010
3 4
1011 0100 0110
1000 0010 0100
1 4
1001
1111
5 10
0000011111 1100000011 0001101000 1010000111 0001100000
0101010010 0110010011 0101100001 0100111111 0010000000
2 3
100 101
010 011
2 6
111101 111000
001111 001010
3 5
10111 11011 10000
01000 10000 10100
7 6
011001 110010 001110 111000 110111 100010 001111
000110 111110 101000 001001 010011 000011 111111
4 8
11001111 11011110 10100101 10110100
00100101 01011110 01001111 00110100
10 10
0100101101 1110111101 0011111001 0101010110 1101110110 1011000000 1000001110 0110000010 0001001001 1010110011
1100100101 0110110101 0101111110 0011001000 1011110001 1001000001 0010111011 1101011110 0000000110 1110001010
8 9
011010110 000100101 100000010 000101101 011011000 011010000 011011110 100001010
110101010 001110110 001110000 010000101 010001101 001111110 001111000 110100010
2 4
0011 0001
0110 1011
10 10
1111110000 0100110101 1101111000 1011010111 1010101001 0100001010 0001011101 0001000010 0110100111 1010001110
0011100000 1000011010 1010110111 1000100101 0111000111 1101010010 0001101000 1101001101 0110011110 0110111001
6 5
11001 11000 10110 10010 10111 10011
10100 11110 11111 10101 10001 10000
4 4
1101 1001 1010 1111
1011 1101 1111 1000
4 7
1111111 1011100 0001001 1111101
1001000 0110110 1111111 0100001
8 10
0110100000 1111011101 1110110010 1110111100 0101101101 1100100100 1110011011 0011001111
1111101100 1100111101 0111111000 0111101101 0110011101 0101111010 0010000100 1111101011
10 10
0011011011 1110001010 1000110101 0111100001 1011110111 1001100010 0110000000 0000011110 1101001100 0100111101
1100010001 1001001010 1110101100 0001100110 0011110011 0111011101 1101110000 0100011011 1010001111 0010100100
6 10
0011110011 1000001111 0011111011 1111110011 0000000010 1111010000
0001111111 1111000010 1001011011 1011100100 0000010110 1011100111
8 10
0111010011 0010001010 0000101000 0110001110 1111001010 1101101000 0101110001 0100101100
1011010110 1010001011 0000110000 1111010010 0010010010 1000101001 1101110000 1001110100
10 10
0101101101 1110010001 0100000011 0101100110 1011011110 1010100000 0001010101 1010111110 1100101001 0011011010
0010000001 1101110010 0000001110 0101011000 1011111011 0100110110 0100111101 1011100101 1010000101 1111001010
5 9
001110111 101000010 110001111 101110110 110010110
110010111 010010110 010100010 001110110 001101111
1 5
00111
00110
8 8
10000000 11000110 10111010 00100001 10000101 10000001 11001010 00000100
10100101 00000001 10011010 00100100 10100001 11100110 10100000 11101010
5 6
100100 101010 001101 011010 011111
100010 100111 100100 001000 010101
10 10
0000111100 1110000010 0011111111 0010011001 1001101011 1001000001 0111000010 1101110100 1110101111 0100010100
1111110001 1100101010 0011000111 0101001010 1111011100 1000011111 0110011100 0010100001 1000110101 0001100010
10 10
1101001011 0110000111 1001101000 0011110100 0100110011 0000010001 1100000110 1011111001 0010011100 1111101110
0010011011 1010010110 1100100100 1110000001 1000000111 0111101000 0011110011 0001111110 1101101001 0101011100
6 7
1111110 0110011 1111100 1101001 1101011 0110001
1100110 0101001 0111110 1100100 0111100 0101011
6 6
001011 110001 000100 101101 110010 011011
110110 101001 001111 110101 011111 000000
7 7
0000100 0101111 0101010 0010010 0010101 1000111 0010011
0100010 1100001 0110101 0110100 0001001 0001100 0110011
10 10
0010000101 1001111110 1101011111 0010110011 1110010010 0011101001 0101110010 1100001100 0100100000 1011001101
1010110000 1101110001 0110111100 1011100010 0010011101 0001010000 0011001110 1100101011 0100001111 1101000111
7 8
01100010 01011010 01110010 01000001 01100101 11110001 10010100
10010010 10000101 00000110 10101101 10010101 01100011 10110110
2 10
1110001001 1111111101
0111001001 0110111101
2 6
100110 101010
011110 101010
10 10
1000100011 1011001110 0000110010 0011010110 0111000101 1101101000 1101111011 1110110000 0100011101 0010001101
1010001110 0110110011 0100001100 1100011101 1001010110 0000100011 1111110000 1001000101 0111101000 0011111011
10 10
1001110101 0100100000 0101100001 0111011111 0100001010 1010101110 1010010111 1000011111 0111101000 1011010000
0011001110 0001000110 0011110111 1101010011 1110000110 0000101100 1101111001 0010001001 1100111000 1110110001
3 10
1010101110 0110111101 0110110100
0001100111 0001101110 1101110100
2 7
1011001 0111000
0101000 1001001
8 10
0110101101 1011110111 1110000110 1101010000 0101101110 1100101010 0110001100 1111001100
1110111010 0111010010 1000000010 1000100000 0101110100 1010110000 0011110000 1001110110
10 10
0000011110 1101010011 0001001101 0001000000 1110111100 1111110011 0111111011 1110100010 0010000101 1000101100
0111011100 1011100101 1001111110 1110011011 1000100000 0100110011 0111000010 1000101101 0001001100 0110010011
4 2
01 10 00 11
11 10 00 01
7 10
0011101011 0110000001 1011111011 0011101000 1111001110 1000000001 0111010011
1001110111 0100000000 0111110101 0001001010 1111001101 0111001010 0110110000
6 9
111011100 001111111 011000010 010101111 000111001 110101010
001111110 110101011 000111000 111011101 010101110 011000011
6 9
100111100 100001000 001001001 000010101 100010011 110000001
111000011 001010111 110011111 011011110 011000101 011101010
10 10
1010111101 1111010001 1101101011 1001110010 0101111010 0011000110 0000001010 1000000101 0110011100 0110100101
0100111001 1110001101 0111110101 1111111010 0010000101 1000101110 1101000010 0001011010 0001100011 1010010100
9 7
0011001 1011010 0010010 1110010 1111011 0011010 1011101 0000001 1010111
0011010 0010000 1011100 0010100 1011000 1101000 1110110 1110001 1111111
1 8
10100010
01001111
10 9
010011000 010111000 101000110 010010001 011110011 101110111 100011100 100111100 011000010 100010101
011001001 100010111 101111100 101001101 010011010 100110111 010110011 010010011 011111000 100011110
7 6
111001 110000 000010 100001 001011 011111 010111
110001 010011 100011 101011 111010 010111 110111
3 5
11001 00010 00101
00110 11101 00001
4 4
0111 1000 0110 1001
0110 0111 1001 1000
2 8
00000000 10100000
10111111 00101101
10 10
1110100001 0101000100 1011100011 1000001101 1111111110 0111010111 0000000000 1010011001 0001111010 0100111110
1110000100 0000100101 1011000000 0101100111 0100011101 0110001001 1001010011 1010111010 0001111010 1111111110
5 8
11010110 10111001 01000000 00000111 01011110
01001100 11110010 00010101 00001011 10011101
6 8
10110000 01110111 01010100 01010111 10010000 01110100
10111111 01011000 10011111 10111100 01111000 10011100
4 7
0100101 1110111 0100100 1011001
0101010 1111000 1111001 0000100
1 2
01
00
10 10
0101100111 1010101000 0111011101 1011010100 0000110001 0011011011 1101100100 0100101110 1000010010 1110001011
0011111001 1000011100 0000010011 0100010101 0110101111 1001100000 1101000011 1011011010 0111100110 1110101100
2 9
010001100 010110101
101001000 101110001
2 9
000010010 010000011
010011000 100100101
10 10
1010011100 1011110100 1111100000 0001111010 0110101111 1000111101 0101000001 1110100000 1000000101 0110111011
1000110000 0011101011 1011100100 0010000001 0100010101 0011010011 0100011111 0101001000 1111000001 0000111100
8 8
11101111 00000000 11000011 10111110 10010010 00101100 00101111 00000011
11111111 00010011 10101110 00111100 00010000 11010011 00111111 10000010
1 3
101
110
8 9
010101010 011101101 010101100 011100101 010100010 000010010 010100100 000011010
110111101 100001101 100000101 100001011 100000011 101000010 110110101 101001010
4 10
0001111011 0111101011 1110001110 1000011110
0110000000 1001110101 0000010000 1111100101
10 10
0010011100 0011111011 0101100101 1100000011 1001101100 0101010000 0010100100 1110011011 1011100110 1100011011
1101011111 1010111010 1000110000 0100111001 0100001100 0011000000 0011111000 1111000111 1101000111 0010100111
4 3
101 110 011 100
101 111 100 010
10 10
0100100001 1110001010 1111010111 0001001110 0100110100 0111110000 0010110110 1011001101 1000101001 1001011011
0110010110 1100001001 0000110101 1111110001 1010011110 0101110010 1001001111 0111100100 0001101000 1010001011
5 5
11010 11110 10000 10110 11100
00001 01101 00111 01011 00011
3 5
10110 10100 00100
00110 00100 10110
10 10
0010000000 0110111001 0001101100 1011101010 0101100111 1101001011 1011010101 1110110101 0100011110 1000010010
1000000100 0000101000 1101011101 0001010001 0011110110 1110011010 1011111010 1110100101 0100100011 0111001111
3 5
10011 01101 01111
10011 00010 10100
6 5
11110 00110 01010 10111 11100 11010
00010 11110 11010 11000 10011 01110
6 8
01101010 10110011 00011110 10111010 00010111 01100011
00100101 10000001 01011000 10001000 01010001 00101100
10 10
0110100111 0011001001 1100101101 1010101111 0100010100 0001000011 1101010000 1011111010 1111111100 0000010010
1110110000 1000000101 1010110110 1111100001 0011110010 1101101011 0010001111 0101011000 0001011110 0100001101
10 10
1011010111 1000011001 0010101010 0011111111 0100110100 1111010000 1001101001 0100101110 0110000111 1101000000
1101110101 1010111100 0011101011 0110010011 0001000010 1100000101 0111000110 1000101100 0001011000 1110111011
4 6
010001 000011 111001 101011
010101 101111 111101 000111
9 8
10000000 11010011 10010001 00101011 10101101 01000010 00111100 11011011 10000110
01000100 00010001 00111010 00000110 10111100 10101011 01001100 00010111 11010101
6 10
0100100001 1000100010 0111011110 1000001000 1110110100 0000001110
0100001010 1100100110 0011011010 1100001100 0000100101 1010110000
4 3
100 110 101 001
000 100 101 111
10 10
1000110111 1000111100 1101010110 0001001001 0101101111 1110111001 0110010100 0011100010 1011001010 0110000001
1111010100 0001101001 1010110111 0001100010 1000011100 0111101100 0010011111 1111000001 1100111010 0100000011
1 5
00101
00111
8 8
11111011 10011011 01101110 00111111 00000011 11000010 11101101 01011110
11000111 10110111 00001000 11010111 10000111 00000000 11110010 01110100
1 4
1110
1010
10 10
0101011001 0001100101 0011111001 1100010000 0011100110 1100010010 1100110110 0010001111 1111001101 1010101010
1100110001 0000011010 1110110010 0011100001 0011000111 0101111101 1101011000 1100101110 1010001110 0011000101
6 9
000000111 010000010 101100001 011110011 100001000 011101010
000000110 010000011 011110010 100001001 011101011 101100000
6 10
1010000001 0111010101 1111000100 1111011101 1100010000 0110001110
0000100000 1000101000 0011101101 0000111001 0101111100 1001110011
7 5
01100 01101 11010 10101 11000 00011 11001
00100 01010 11100 10010 01110 10000 10001
