100
1 2
00
01
10 10
0001000010 0101011000 1000111110 1111000111 1011110011 1000001101 0010011010 0111100101 1110100000 0100111101
1111001001 0010010100 1001101110 1100010001 0110100000 0101101101 0011110011 1010110110 1000001011 0101011110
10 10
0011111101 1101110111 0100110000 1011000100 0011001111 0100111100 0000011000 1100100010 1010000011 1111001011
1010111011 0101010110 0010100101 1001010010 0010101001 1101011101 0110000001 1011101110 1100011010 0101100100
10 10
1111101111 0000000110 1001110000 1110001010 0001010001 1110101011 0111011101 0000110110 1101100000 0010011101
1111010000 0110100110 0011100110 1110010100 0000101010 0001001101 1000001011 1100011011 0001111101 1111110001
4 4
1110 1010 0011 0111
1000 1100 0101 0001
6 9
101101110 100111101 011111101 011011010 001100011 011110100
111110000 001101010 000111001 111111001 111011110 101100111
1 3
111
110
6 9
000011001 011010011 011100010 101001010 011111011 011111001
010011110 000111010 010001011 001000100 011100011 111000110
10 8
10000011 01000111 10110100 00000010 11110110 10010111 11001011 10001111 10110110 11010101
01001010 10011011 11100101 01111010 01110101 00001110 10111100 11111111 11100001 10010110
2 5
11000 11011
10011 10000
4 9
001011110 000110010 111000110 110100110
110101111 110000100 000000010 001010001
4 10
0000011000 0110011110 1000111001 1110111111
0011010110 0101010000 1011110111 1101110001
5 5
00001 11000 11001 10111 01111
11101 00101 01010 01011 10011
4 5
10001 00101 01110 11010
10001 11010 00101 01110
8 9
110111000 110111100 110010010 011110110 010000000 111000111 110000001 001011110
100110001 101001010 101001110 101110111 010101000 101100100 001110110 000000000
5 7
0110001 0110100 0101100 1111110 1000111
1000110 0100011 0001100 1010010 0100101
10 10
0100111010 1010011110 1101011111 1001100000 1101011101 0111101011 0110000000 0011100111 0000010001 1010100100
0100101110 0011010111 1000001010 0111101010 0100010100 0011010101 1001100001 1101101101 1010110000 1110011011
6 6
000010 001111 110000 001011 001010 000100
110010 001000 000000 001001 000110 001101
10 7
0111010 0000011 1100011 1010010 0110010 0001101 1111001 0000110 0011001 0100110
1010001 0000101 0011010 1100000 0000000 0100101 0111001 0001110 1111010 0110001
3 6
100111 100100 100000
111101 101110 000111
10 10
0011111100 0110000000 0100111000 0101000011 1011001101 1000111110 1100000001 0010100111 1101110111 1011011010
1100011110 1000100001 1001010111 0000011000 0111011100 1111111010 0001100011 1111101101 0010100000 0110000111
2 10
1111001001 0000011110
0000110110 1111100001
6 10
0101110010 1110011101 0101101100 0110011111 0110101010 0010011000
0110100011 0101001110 0010100100 0101010000 1110100001 0110010110
2 9
011010111 101111001
001110111 111011001
9 10
1100101110 1111111000 0000100001 0000100111 1101100011 0100000110 0111111101 1001010011 0101110111
1001111010 0001101100 1010110000 0101000100 1111100001 1101111000 0011011111 1100010101 1001010110
10 10
0001111010 0000001011 0010101100 1100001001 1111010011 1000001000 0001110110 1110110100 0111010101 1111100111
0100001010 0011010001 1010100011 0111010000 1100001100 1011010010 0101101101 0100111110 1010101111 1001110101
6 8
01100000 01100110 00111001 11100000 00111111 10111001
11100100 01100100 00111011 01100010 10111101 00111101
10 10
0111100001 0000101110 0110101011 0101010100 1000000010 1010010111 1001011001 1100010110 0111101100 1011111001
0101100100 0110011011 0111010001 1000110010 0000011110 1011001001 1010100111 1001101001 0111011100 1100100110
1 8
11010110
00000000
10 10
1100111100 0010001110 1011010000 1110011101 0011111010 1011100000 0001000011 0100100111 0101010111 1100101001
0010101101 0101100100 1111000111 1101111110 1010100011 0000011001 0010111000 1011010011 0101010100 1100001010
10 8
00100111 01011100 10100011 01100100 11011000 00011110 00110100 10110000 10011010 11100000
01011101 11001010 01001110 00100110 00011110 11011001 10011010 11100000 10100010 01100100
2 9
101000110 101001000
001010111 001011001
1 2
01
11
8 8
11111110 10011000 01011010 10111111 10000001 00011010 11100010 11000001
01111010 00111010 11100001 10100001 10011111 10111000 11011110 11000010
10 10
1000000110 0101111010 0100011011 0001100110 1110111000 0010110001 0011101101 1010000110 1111010001 1101001101
1000011001 0100110010 0011111001 1101100100 0110101110 1100000101 0001111001 0111000111 1011001110 1010010010
6 6
010000 101011 011010 100001 010100 000011
100100 011111 010101 101110 101010 111101
2 10
1101100100 0010001100
1101100000 0010001000
2 10
0010100110 0010101100
0001100110 0001101100
8 10
1010000110 0000000011 0111011101 0101011101 1000000110 0010000011 1101101101 1111101101
0100000000 1100000101 1110000101 0001101011 1011011011 0110000000 1001011011 0011101011
10 10
1010110111 1100001010 1010011100 1101001001 0010001100 1111110110 0001100010 0110101001 0001110001 0101010111
1111100100 1000110001 0011010001 0100001001 1010001110 0111110100 0000101111 1111001111 1001110010 0100011010
10 10
1111101111 1010101101 0101000010 0100010010 1011011011 0000011110 0100100000 0010111100 1111000001 1001110101
1110011101 1000000001 1010100011 0001100110 1111111111 0011001000 0000010000 0101111100 1110101111 0101010010
3 3
110 010 100
001 010 110
10 10
1100001111 1111101000 0110010011 0110111110 0001110000 1001001001 0010000110 0001101101 1000010001 1111110110
0000101000 1110110011 0111111011 1101001010 0000110101 1110101101 0111010110 1000001100 0011000011 1001010100
8 10
1000011010 0011110001 0000000110 0011010110 0011110010 0010101110 1011100101 0000001000
1111110001 0100011100 1100001110 0110111010 0111100101 0100010010 0111000010 0111100110
3 5
00010 01111 01100
10100 10111 11001
10 10
1111101001 0000010001 0100111010 0010101001 1100010101 1011000100 0111011111 1101100010 0001100110 1010011110
0101000101 1101101010 0110100000 0001101110 0011010110 1100011101 1010111011 0000011001 1110010110 1011100001
6 8
11010110 10000110 00100000 11101101 11010010 11101001
10111000 01110001 10000011 10111100 10000111 11010111
1 3
100
111
4 4
1011 0111 0101 0011
0000 1101 1001 0111
10 10
1100111111 1101101100 0101101001 0010010000 1101011101 0010000010 0011010110 1010000001 1000111111 0111100010
1010010011 0010010000 0000101110 1111110011 1010000001 0101001100 1101111000 1011000111 0100101110 0101111101
9 5
00001 10001 11101 00111 01110 10010 01000 10101 00110
10101 00000 01100 01111 11011 10011 01000 11100 11010
3 7
0110000 1111001 0110101
1001101 0110010 1010010
5 7
1100100 0101100 1101000 1011011 0101111
0100000 1010111 0011111 1010100 0010011
10 10
0010110001 1101011000 0111000010 0100111111 0011110001 1110000111 0010101100 1101001100 1000011011 1001100110
1001111010 1010000111 0011100000 1100001001 1100010100 0011110100 1101001001 0000111111 0110100011 0111011110
2 5
01000 01100
11101 11001
2 6
011001 111000
001000 101100
7 9
001011110 011111001 001100011 000101100 011010100 101111111 111001000
000010111 110000001 000101010 100110110 010110000 001100101 010011101
10 10
0111001101 1101011010 0000110000 1001110010 1000101111 0111011100 1100101101 0010010000 0110000011 1011100111
0010010010 1001001011 0011100101 1101011000 0111100111 1111111000 0100101111 0110111010 1000000101 1000010100
10 6
010111 001101 110111 101001 110011 011111 101111 101100 000100 101010
011111 111101 100111 000110 010100 111111 001101 111010 110001 100011
10 10
1011101011 1100010101 1000111110 1000101101 0001001101 0000110001 0110000010 1111110100 0111000010 0111011010
0011111111 0010100111 1011010001 0011100111 0100010100 1100001000 0101101000 1000110000 1100011011 1111001110
10 10
1111100001 1100011000 0010101101 0010011110 0001011010 0100001000 1010010011 1011100110 0101110111 1101100101
0100000110 0111111111 1001111001 1111101111 1001001010 0001110100 1110010000 0110000010 0000000001 1010111101
2 6
010111 001001
110111 111111
3 3
010 001 000
000 110 101
3 10
1000111100 1100000010 1010001101
1111001011 0001100001 1100000110
1 7
0010000
0100111
1 7
0110011
1101000
6 10
1000110011 0010111011 1101000110 1101010110 0111011110 1000100011
0111010110 0111000110 1101001110 1000101011 0010100011 0010110011
10 10
0001001010 0010010000 0001111011 1010010100 0111101001 1110100111 1001101100 1100010101 1100000010 0111111111
0010001001 1100011011 1110111110 1100001100 1001110101 0001010011 0111100110 1010001101 0111110000 0001100010
6 10
0000011010 1000001010 1101001101 0111000101 0101011101 0010000010
1111001101 1000010010 0101000101 1101010101 1010001010 0000000010
10 10
1000101001 0001011100 0111000001 1010001110 1111110110 0110101011 1000110000 1110110111 0101001101 0001010010
0010000101 1000111110 1100101111 1010110010 0101011010 0111111101 0011000100 1100100001 0101000011 1011011000
1 6
111101
110101
10 10
1001010011 1000010101 0101101111 1011101100 1110111011 0010010111 0101000100 1110111010 0001000000 0110101000
1001100100 1001100101 0101001000 0010110000 1110001100 1100110011 0010011011 0110011111 1111001010 0001110111
10 10
1100011100 1101101000 0010010100 1111110010 0000110011 1111011101 1101101111 0001100000 0010001011 0010000111
1010111010 1000011101 1011101001 0101111011 0111100001 0111100110 1000000010 0101010100 0110010101 1000001110
7 9
000110010 001101011 000110011 111100111 100111011 111111011 110111111
011010001 101110000 111110111 111001001 100111001 000100101 110110111
6 8
01000111 10010000 11011010 11111110 10111001 00000000
10100011 10011110 11101101 01010001 00011010 00111100
9 8
10111111 11110111 00000001 01110010 11111111 01111011 10111010 01101001 10011000
00000001 10001110 11001011 11100001 10111000 00101010 10100001 01010111 01011101
2 10
0010001111 1101100001
0010001111 1101100001
7 7
1100110 0100100 1110000 1100100 1010000 1100000 0111010
1011111 0010010 1010011 0001110 0000000 1101010 0010100
10 10
1000111000 1011000011 0001000000 0111110101 1110011111 0000101001 0110111101 1100001110 0101100110 1011010010
0100100000 0001101111 1000000111 0010110100 0011111100 1100110001 1111001010 0101001001 1111011011 1010010110
8 7
0010111 0000111 0101111 0111000 0101000 0111111 0110000 0100000
1110000 1011000 1011111 1001111 1010111 1100000 1000111 1001000
4 5
11000 00111 10001 01110
00111 01110 11000 10001
10 10
1010011111 0110111011 0101100110 0101100100 1110001001 1011010100 0001000100 1000101010 1101010001 0010111011
0101011100 0100010111 1000110011 0011011001 1111001100 1100110011 0000000001 1011101100 0110100010 1011101110
4 6
011110 101001 010000 001100
110010 001011 101110 111100
10 10
1111101001 0000100000 1000011111 0110000001 1101000100 0011110011 0000001110 0111111110 1000011110 1111110001
0111010100 1000110101 0011011001 1101101110 0000100100 0000001010 1111000011 0110101011 1000110100 1111011011
4 6
100101 000010 100010 000101
101111 101000 001111 001000
10 10
1011011100 1000001011 0011111000 1101000011 0110001100 1111100101 1000111010 0110010110 0101100001 0000110111
0111111001 1111110100 1010100010 0010000000 0000100110 0100011111 1100111011 1001001111 1001010101 0111001000
10 6
000000 111100 001111 010001 110111 001001 011001 110101 000100 100010
001110 000110 010011 011001 111011 000011 111000 001101 010110 100000
10 10
1100100010 1010000101 1000010101 0101111010 1111000001 0000111100 0111111011 0011011110 1000000100 0111101011
0101010100 1110001110 1000101010 0101000101 0001110010 1010101011 0111010101 1101101100 1010111011 0010010001
2 9
011110100 011001010
000110100 000001010
4 10
0111111100 0101000011 1010110011 1001010101
1000100010 1010011101 0110001011 0101101101
2 7
1010010 1100001
0100101 0010110
10 10
0011111000 0111000110 1000011001 1100010011 0000101100 1011001010 0011100111 1100110100 1110110011 0101001101
1001111110 0110110010 1011111001 0110101101 1101010011 1001011001 0000000111 1110000000 0010001100 0101100110
10 10
0110010000 1101011100 0011110001 0000000000 1011111111 1111010110 0100101111 1000001001 1011100011 0100101110
1111001101 0000011101 1000010011 1111001100 0100110100 0110111110 0011101011 0000000001 1011100010 1101110010
10 10
0100000011 0111001000 1100001010 1011110101 0010000100 1011101101 0000111100 0101110010 1011110011 1100011111
0110111010 1001001010 1001001100 1110110011 0111001011 1110100110 0010000101 1001010100 0000111101 0101110001
4 5
10100 11101 10010 01101
00001 01110 11111 11001
10 10
0101011010 1010110101 1101011011 1000000110 0110011101 0101100111 1101100100 1010100011 0010111000 0011001000
0000010011 0000000101 1100111011 0010100000 0111000010 1000011110 1111111100 1111000001 0111111101 1001101110
10 10
0110101000 0001101110 1010111111 1001001010 0001011101 1000010010 0110010101 1110000010 1101100101 0111110001
1011100001 1101110001 0010010010 1000000110 0100111110 0011110110 0011001011 1100101001 0100001101 1111011100
9 8
00101111 11000001 10101000 11111111 01101101 01001111 11100001 11011001 00100010
10000101 11101100 11001100 01000000 00000010 11010010 00001111 01100010 11110100
6 9
101000010 000100001 100000000 001111011 001100011 000111001
100011001 101000011 100000001 000111000 001111010 101011011
6 10
1101111101 1000101100 0111111101 0010101100 0011101110 1001101110
0011000100 1001000100 0010000110 0111010111 1101010111 1000000110
