100
1 2
11
01
10 10
1000110010 1000000011 0000011100 0110001100 1110001100 0011110101 1111110011 0011011011 0101101110 1101100001
1111110010 0001001000 0100101010 0100011011 1100110101 1010100101 1001000111 0011011010 0010100101 1111011100
4 8
11011111 11010111 00011001 00010001
00110000 11110110 00111000 11111110
2 3
011 001
000 001
10 10
0100100101 1110000101 1001000000 1001111010 0000101011 1100111111 1110001111 0011010000 0011111110 0111010000
1100100011 1001011100 1110011001 1001100110 0100111001 1110010011 0011001100 0111001100 0000110111 0011100010
10 10
0000101000 0100110110 0101111101 1110001100 0111010111 1001001011 1011100000 1100111100 1011010011 0010000011
0110010010 0111011001 1000111100 0100111000 0001101100 0011000111 1000001111 1010100100 1111010011 1101100011
10 10
1100111101 1111110110 0110110111 0110001100 1011000010 0101001010 0010110011 1001111001 0001000100 1000001001
1010000110 1110000010 1001110001 1101111111 0001001100 0111000011 0011110111 0000111100 1110111001 0100001000
4 3
111 001 110 000
010 100 011 101
6 8
11101011 11001001 11011100 11111110 10111100 10101001
11000001 10010110 10110100 11010100 10000011 10100001
1 3
010
000
6 8
10001011 10100001 10001010 10100011 10001001 10001000
01000101 01000111 01000100 01101100 01000110 01101110
8 5
01001 01010 00000 11000 01000 10001 10000 10100
10011 10010 10100 01011 01000 01111 00010 10001
2 10
1110111111 1110110001
0010101110 0010100000
6 8
10111100 11101110 00111111 10011000 00000110 11100000
11000110 00010111 11111111 00011001 01100001 01000101
10 10
1111011100 1010001011 1001111100 0111001001 0110100011 0101110100 1001110010 0000001111 0100100101 1010010010
1001000001 1110000111 1010101101 1011111100 0111110100 0100000011 1000101011 0111111010 0001010100 0100011010
2 4
1010 1001
1001 1010
10 10
1011001001 0100101011 1110110001 0110010111 0000011111 1100111100 1101010010 0011101100 1011100110 0001000000
1100001000 1111101011 0001000101 0000011010 1101100110 1010111100 1010010011 0010110110 0111001101 0101110001
2 6
010001 000100
010011 000110
6 6
101100 110011 100111 001100 000111 111000
101000 001000 111100 110111 000011 100011
10 10
0100100111 0010011000 1011010000 0101110110 1001111011 1110000000 0101001100 0010001011 1010101101 1101110111
0011101111 0101010000 1100000000 1010100111 1011011010 1111110111 1000001100 0100111011 0011111100 0100000001
4 5
01001 01110 11110 11001
01110 01001 11110 11001
10 10
0100111011 0011110111 1101000000 1010000101 1011010000 0000001100 0110100001 0001011010 1101101110 1110111111
0001101011 1010110111 1001001100 0111010101 0100000100 1100011010 0000111110 1110000000 0111111011 1011100001
6 8
00100010 11100000 01101100 01111100 00101110 00011100
10010010 01110001 01010111 00000101 11100011 01110000
10 10
0001110010 1110000010 1100100011 1101101100 1010011001 0000111001 0110000100 0101010110 0011011101 1011101111
1100110100 1101000010 1010110111 0100000110 0111100010 0110101001 0001011111 0010001101 1011111000 1001011001
9 9
101111001 111110001 101010010 010011100 101100101 101110100 000000101 000001000 001101010
000100111 110100010 110100000 000111001 111011100 100000010 001000000 100001001 001101111
8 8
01000101 00010101 10001010 01110011 11110000 00011100 00001111 00001101
11000110 01011110 00101010 10011010 01010100 00110010 10110011 00001001
10 10
0110100000 0000010110 1111111010 0001101011 1001010100 1101000101 0111100011 0110011101 1010011010 1000101101
1110100101 1000010011 0011110110 1111011000 0001001001 1001010000 0110011110 1000101110 0100101001 0111100111
3 6
110110 110111 100001
001001 011111 101110
7 10
1101111110 0111001011 1000111111 0000110000 0000110111 0011001010 0001101001
1111110100 0110100111 0111010010 0001111000 0100011100 1001010001 1010110111
4 5
00111 11011 00110 11010
11011 00111 11010 00110
7 8
01000001 01011110 11100110 00101110 10000000 00000011 00010101
11010111 11011001 00101010 00001100 11000010 10011000 11100010
10 9
100111011 110011111 100001101 101010000 001110110 100001010 001011011 001111000 001010110 100011011
001101100 011011111 000000111 110001001 001010110 100001100 011010011 100101100 100000110 111011001
8 6
100100 010101 101010 010000 110100 010001 001100 101110
101001 011010 001001 000001 101101 011111 000101 010101
7 7
0011111 0010111 1100100 0010011 1001101 0101100 0010001
1001010 0100010 0011100 1011011 1010101 0011000 0001110
2 10
1001011100 1010110010
1011011000 0000110111
10 10
1111001010 0011010001 1000111011 0000000100 1100111000 1001000111 0111111111 1110101101 0000110100 0111000010
0001110110 0010010011 1000000101 1001111001 1110001000 1111101111 1101111010 0110111101 0110000000 0001000110
10 10
0001011111 1000101100 1111111110 0101101010 1100001011 0010010100 1010000011 0111110000 1101110001 0010000101
1010101001 0110000111 0011011010 1100000110 1001100010 1110011100 0001110101 0100001000 1001110011 0111111101
5 5
01001 00111 10011 00100 01101
00001 11111 10101 10110 11011
10 10
1101010111 0011001110 0100111001 0111101111 0000001111 0010110000 1011100000 1010001000 1101110001 1100010110
1100100111 0110100000 1011000111 1110011000 0001011001 0001111111 0111001000 1000010001 0000111110 1111100110
5 6
100100 010011 011010 000101 101110
010010 111001 001101 110011 000100
9 8
11001111 10100110 11001010 11011110 00010110 01110111 01110011 11000100 11001000
11100101 01010111 10010100 11000110 01111000 10001101 00111000 00001011 01101001
8 6
000110 010110 111001 111100 101100 111110 101001 101110
111100 101100 111001 111011 010011 000011 101011 101001
2 7
0011000 0101110
0011001 0101111
10 10
1011000000 0100011001 1010101111 0010101001 1110010010 0001000110 0001111100 0100010001 1101100111 1111111110
1111010111 0011110110 0000000011 1111101101 1010000000 1100111000 0001101111 0100111110 1010001000 0101010001
8 10
1110001100 1011110001 0110011000 1011011000 0110110001 1011100101 1011001100 1110100101
1010011100 1010110101 0111001000 1010001000 1010100001 1111110101 1111011100 0111100001
4 10
1110100110 1110010100 1111001001 1010000100
1000010010 0010101010 0010001011 0001111010
2 10
0001111001 0100000001
0110000100 0011111100
8 10
0011110100 0011100110 1100001111 1100001011 0011110000 0011100010 1100011101 1100011001
0011110110 0011100100 1100001001 1100001101 1100011011 0011100000 1100011111 0011110010
4 7
0010100 0110100 1111100 1011100
0000011 1001011 0100011 1101011
10 10
0100111000 0011101001 0001010111 1100001110 1000100100 1110011010 1111000001 1011110001 0000100111 0111011110
1111101010 0100111100 0111101001 1100100100 0000001100 1000010011 1011110101 0011000011 0001010111 1110011010
8 7
0001111 0001010 0110001 1100110 0111000 1100111 1111110 1010011
1010111 1100000 0010001 1011110 0001001 0001000 0111100 1100101
10 10
0001101110 1010100111 1111010000 1111110011 0000111000 0000011010 1100001001 1010101101 0101000111 0111010100
1101000101 0010101111 0111110010 1000111000 0110000110 1000011011 0111010000 0000111100 1011100001 1101001111
3 2
11 10 01
01 11 00
2 10
1000110101 1100011111
0001110001 0101011011
8 9
010010100 001001011 101100111 000111000 100110000 111100010 000110011 101001000
110101000 001110010 100101101 101111010 001111001 011011110 100000010 000000001
10 10
1111111111 0111011010 1001101001 0100000110 1111000100 1010110101 0110000000 1000110110 0001011011 0000101001
1011110001 0110011110 1110101100 1111011110 0000001000 0101000010 1000101101 1001110111 0111000001 0000110011
2 6
101001 101111
100001 100111
6 7
1001101 1110100 0101000 1110011 1000001 1110110
1110001 1110000 1100110 0111101 0101011 0000110
10 10
0001111000 0100001000 0110010011 1111100101 0000011001 0100101001 1011100110 1011010111 1111100110 1000011110
1110101111 1011011111 0000110010 1001000100 1011111110 1111001110 0100000000 0100110001 0111001001 0000110001
10 10
1000100100 1111110010 1001110110 0110111011 1000011011 1001001101 0111001100 0100000001 0111001110 0010110001
0001101110 1101001011 1111110001 0000111100 0110111000 1011111011 1110000110 0001010001 0000000111 1110000100
1 3
000
001
7 7
0011110 0010111 0110111 1001011 1011010 1111011 0000110
0100111 0110000 1001000 1100100 1000010 1010000 0010000
5 7
1111100 0010101 0110110 0010110 0101000
0110001 1100101 0101111 0001111 0001100
2 8
01111110 01110101
01100001 01101010
4 10
0111010101 1011110101 1011011111 1110101001
1001011101 1111010000 1010110110 0010101001
10 10
1000101110 1011000101 0100010011 1011001110 1101011110 0001110001 0110101101 0011110000 0100110000 1110001011
1110101110 1100010000 0101011101 0011000110 1001110010 0110001000 0000101101 1011110011 0011001101 1100110011
2 4
0100 1010
0010 0000
10 10
1000111100 0111001010 1111111101 1011100111 0100011000 1000100110 0010000001 0111110100 0001011011 1100000011
0000101101 1010010001 0011101100 1100111110 1111010010 1001001011 0011110110 0111001001 0100110111 1100000000
3 7
1000101 1100111 0101010
0101101 0001111 1000010
10 10
1010111011 1000110110 1111100000 0111001101 0001100000 0101001111 0011100011 0100011110 1100011100 1010010001
1000010111 0011101001 1011101011 0100010100 1101001100 0110010111 1101100110 0010111000 0000111010 1111000001
10 10
0011000111 1001100001 0110111111 1100001110 0100010000 1000011010 0110010100 1001101101 1111100011 0011111000
1100011000 0011010001 1001111011 1111110101 0100000110 1000001100 0110000010 0011101110 0110101001 1001110111
2 8
00100110 00101110
11110100 11111100
1 6
000110
000000
10 10
0010011111 1101011111 1000111100 1101110000 0011100000 1001000011 1110001110 0101101101 0110010010 0010100001
0100011011 0000101000 0101100100 0011010110 1110111000 1000110101 0000000111 1111000111 1011001010 1111111001
5 7
0100100 1000110 0111000 1010010 0000000
1000111 0010101 1100011 1111111 0000001
8 7
1011001 0011101 1000111 1001100 0100001 0010010 0111001 0000110
1110011 1001111 1010100 0001011 0011110 0010101 1101011 1000000
10 7
0100100 1011010 0101100 0001000 1010110 1110110 1111111 0101101 1111110 0000100
1010111 1111110 0100101 0101101 0000101 0001001 1011011 1110111 1111111 0101100
4 4
1011 1101 1010 1100
1010 1100 1011 1101
10 10
1001011101 1010001010 0110010011 0110000111 1001110010 1011111110 1000110100 0100100001 0111101001 0101001100
0110101000 0101110111 0100001101 1010010110 1010111001 0111000101 1001101110 1000011010 0101100011 1011010000
10 10
1100100100 0000000111 1101010000 0011111010 1100000110 1110101011 0111110101 1011001011 0001011000 0010111101
0101011111 0110100010 1010000001 1000001110 0111111101 0100011000 1101101110 1011110101 0001010000 1010100011
2 9
100011010 011000000
001100000 100101101
2 6
010110 000100
001011 101011
8 9
011000111 100111001 100100001 100011001 000011100 100000001 000000100 011011111
001111000 110000110 110100110 010111011 001100000 010100011 110111110 110011110
10 10
0001101001 0100110110 1110110011 0001011111 0110100100 1011001001 1100010001 0100111100 1011000110 1011001010
1010000110 0111101000 1101001011 0010010001 0111101011 0000110011 1000011110 1000010100 0111100100 1101111101
4 7
0101010 1011110 0100101 1011001
1111110 1110011 1101100 0110001
10 10
0011110110 0001011010 0010100011 1100000001 1001111010 1111100101 0100001000 0110001101 1000110110 1111011101
0101001001 1011001110 1000010010 0010011110 0000011011 1100100101 1011110110 0110110000 0111100101 1101101001
6 9
000110110 100110100 111001001 100011101 011100010 111100000
000111100 000010101 100111110 011000001 011101000 111101010
10 10
1111111100 1000000011 1001101000 0010101100 1010010010 0101100111 0000010101 1111110101 0100011011 0111001010
1001010101 0100001101 0011010010 1010101111 1100111011 0001101011 0111011100 0110100000 1011000100 1100110010
10 10
1111110011 0001000110 0011011110 0110101001 1110010101 1111111011 1100110111 1000001000 0000001000 0001100100
0100101011 1011111000 1010010110 1010011110 1101100101 0101100101 0100001001 1001011010 0011000100 0110110011
5 10
0011100011 0000111001 1001111100 0000000000 0011010000
0111110000 1100010101 0110101110 1110100110 1001000111
2 7
1011001 1010101
0011011 0010111
4 4
0000 0001 1001 1000
1011 1010 0010 0011
1 10
1101101010
0100111110
10 10
0011001011 0001001001 1010111000 0000101010 0000010100 1100110111 1111100111 1101110001 1111000100 0110011110
0100001110 1001010101 0101101101 0111101111 0100110000 1011100000 1011000011 1110011100 0010111010 1000010011
1 6
111111
001100
2 9
111011000 000101010
111010100 000100110
4 5
00101 00111 01101 01111
01100 00110 00100 01110
8 10
1110100100 0101011101 0110111001 1011001011 0011010011 1100100011 1001001000 0011001101
1111101011 0001110110 0011001100 1010000111 1011011100 0101110001 0101111110 1000101010
3 7
0111011 0010000 0001111
1100110 1110100 0101100
3 10
0110100001 0101001011 1101100000
1011001111 0011110010 1000011110
