7
4 4
1.4000
0.5000 0.7000 0.8000 0.6000
2 2
1.0000
0.0000 0.0000
2 1
0.0000
0.9000 0.8000
2 1
0.1000
0.4000 0.5000
50 50
35.0
0.1 0.1 0.1 0.1 0.1 0.1 0.1 0.1 0.1 0.1 0.2 0.2 0.2 0.2 0.2 0.2 0.2 0.2 0.2 0.2 0.3 0.3 0.3 0.3 0.3 0.3 0.3 0.3 0.3 0.3 0.4 0.4 0.4 0.4 0.4 0.4 0.4 0.4 0.4 0.4 0.5 0.5 0.5 0.5 0.5 0.5 0.5 0.5 0.5 0.5
49 49
2.2603
0.0706 0.0739 0.0852 0.116 0.1329 0.1679 0.1762 0.2017 0.2062 0.2235 0.2368 0.2831 0.2869 0.3106 0.3545 0.385 0.4266 0.4379 0.4581 0.4606 0.4795 0.4856 0.5095 0.5154 0.5165 0.5337 0.5347 0.5352 0.5509 0.6047 0.6125 0.6857 0.6873 0.6942 0.7001 0.7064 0.7213 0.7444 0.7481 0.7694 0.7809 0.7932 0.7961 0.8354 0.8378 0.8491 0.8561 0.8691 0.9229
50 50
1.0000
0.0000 0.0000 0.0000 0.0000 0.0000 0.0000 0.0000 0.0000 0.0000 0.0000 0.0000 0.0000 0.0000 0.0000 0.0000 0.0000 0.0000 0.0000 0.0000 0.0000 0.0000 0.0000 0.0000 0.0000 0.0000 0.0000 0.0000 0.0000 0.0000 0.0000 0.0000 0.0000 0.0000 0.0000 0.0000 0.0000 0.0000 0.0000 0.0000 0.0000 0.0000 0.0000 0.0000 0.0000 0.0000 0.0000 0.0000 0.0000 0.0000 0.0000
