100
4 4
1.4000
0.5000 0.7000 0.8000 0.6000
2 2
1.0000
0.0000 0.0000
2 2
0.0000
0.9000 0.8000
2 2
0.1000
0.4000 0.5000
46 46
16.8369
0.3172 0.5555 0.9614 0.5259 0.4977 0.1673 0.0233 0.7016 0.3813 0.1027 0.1805 0.2798 0.7316 0.8439 0.0401 0.3951 0.9696 0.8048 0.5190 0.9566 0.1003 0.8909 0.6309 0.6696 0.7551 0.5838 0.2298 0.2467 0.6205 0.4852 0.8632 0.4836 0.6263 0.3808 0.4722 0.3873 0.4548 0.0537 0.7752 0.9463 0.1880 0.4232 0.3632 0.6560 0.7507 0.9788
50 50
0.0000
0.8765 0.8765 0.8765 0.8765 0.8765 0.8765 0.8765 0.8765 0.8765 0.8765 0.8765 0.8765 0.8765 0.8765 0.8765 0.8765 0.8765 0.8765 0.8765 0.8765 0.8765 0.8765 0.8765 0.8765 0.8765 0.8765 0.8765 0.8765 0.8765 0.8765 0.8765 0.8765 0.8765 0.8765 0.8765 0.8765 0.8765 0.8765 0.8765 0.8765 0.8765 0.8765 0.8765 0.8765 0.8765 0.8765 0.8765 0.8765 0.8765 0.8765
50 50
17.4944
0.2452 0.2876 0.1225 0.0797 0.7638 0.5485 0.9275 0.8197 0.8720 0.3318 0.0399 0.1815 0.4379 0.9446 0.2756 0.8845 0.1981 0.4766 0.7184 0.7908 0.7695 0.4000 0.0899 0.2718 0.6556 0.9598 0.8360 0.3654 0.5462 0.1892 0.5381 0.7427 0.2498 0.8917 0.4848 0.4359 0.7793 0.5010 0.1671 0.1272 0.5539 0.3173 0.6970 0.3614 0.7436 0.6041 0.0996 0.4123 0.4457 0.6524
49 49
22.9093
0.6181 0.1333 0.8855 0.2282 0.6472 0.7537 0.6339 0.0825 0.3687 0.6745 0.6225 0.4847 0.3986 0.7242 0.8367 0.6565 0.8405 0.4913 0.4403 0.2907 0.1011 0.6365 0.8765 0.6324 0.0043 0.0446 0.9102 0.8243 0.1887 0.2174 0.9422 0.3374 0.1929 0.3915 0.7733 0.0138 0.0239 0.8602 0.8909 0.5651 0.1289 0.7411 0.3900 0.2465 0.0647 0.9288 0.5319 0.7580 0.0686
45 45
18.2177
0.4575 0.0334 0.5779 0.4309 0.8650 0.9579 0.5678 0.3045 0.2540 0.2883 0.3268 0.2366 0.7156 0.7549 0.6879 0.2030 0.6278 0.0910 0.5483 0.6335 0.9511 0.9380 0.5956 0.1264 0.2702 0.8380 0.7823 0.1658 0.2916 0.2156 0.2765 0.2787 0.7790 0.4074 0.7496 0.7202 0.3587 0.5290 0.5519 0.6713 0.9473 0.9523 0.1009 0.2817 0.6449
48 48
21.5206
0.4555 0.6915 0.0957 0.6158 0.9315 0.3891 0.1783 0.5861 0.3125 0.2129 0.5673 0.9595 0.4704 0.5891 0.9265 0.6872 0.1167 0.8365 0.3963 0.2324 0.2698 0.8481 0.8072 0.3812 0.8478 0.8307 0.8025 0.0218 0.1656 0.3000 0.7679 0.6315 0.9826 0.3034 0.2308 0.6035 0.5530 0.2886 0.3024 0.9384 0.5189 0.6517 0.3522 0.0857 0.3384 0.5984 0.2667 0.1069
46 46
17.1619
0.8611 0.8359 0.5818 0.1844 0.3060 0.6457 0.2572 0.4273 0.6636 0.3021 0.4281 0.4637 0.0569 0.2956 0.6701 0.1887 0.3774 0.9045 0.0649 0.7307 0.8516 0.8811 0.2188 0.9212 0.4146 0.0896 0.3481 0.1408 0.9918 0.2159 0.5164 0.2282 0.5487 0.3757 0.5392 0.0032 0.0919 0.8748 0.7537 0.1914 0.4843 0.8136 0.5208 0.2977 0.7581 0.6138
46 46
16.6964
0.1227 0.5900 0.4661 0.9536 0.4089 0.2708 0.1622 0.3821 0.3064 0.5484 0.9873 0.5445 0.9978 0.8605 0.6471 0.8047 0.4160 0.6141 0.0714 0.4689 0.1537 0.5216 0.4941 0.4400 0.0747 0.5245 0.4120 0.7147 0.6996 0.0350 0.7901 0.8044 0.8992 0.2201 0.0579 0.5950 0.2634 0.5573 0.6914 0.8101 0.4146 0.1453 0.0782 0.5670 0.4154 0.2236
45 45
15.0308
0.9797 0.7581 0.7963 0.1734 0.7841 0.7822 0.3708 0.4517 0.9690 0.6451 0.3127 0.9923 0.1335 0.9457 0.2455 0.7341 0.1006 0.4350 0.3511 0.5090 0.6513 0.4445 0.4581 0.8019 0.9699 0.0896 0.6279 0.9671 0.0666 0.5698 0.6952 0.1381 0.4194 0.4789 0.0016 0.7330 0.1303 0.6689 0.7154 0.7289 0.4114 0.8576 0.2059 0.6435 0.6182
1 1
0.0000
1.0000
46 46
20.7557
0.5586 0.0993 0.0919 0.6634 0.2782 0.9590 0.5022 0.6944 0.4232 0.9083 0.0345 0.0701 0.4149 0.7539 0.1296 0.5055 0.5018 0.9278 0.2698 0.8761 0.2762 0.7102 0.4518 0.3065 0.8887 0.7157 0.7743 0.0158 0.8052 0.6931 0.6447 0.9347 0.5822 0.2603 0.8921 0.0158 0.3532 0.5231 0.5689 0.0236 0.0871 0.1076 0.2533 0.9623 0.2061 0.0201
50 50
21.5375
0.2043 0.1085 0.1790 0.6043 0.4663 0.3004 0.7465 0.7892 0.4579 0.3252 0.3311 0.8429 0.5368 0.1561 0.4999 0.3470 0.1818 0.6917 0.6482 0.2921 0.7897 0.7518 0.9746 0.6990 0.8502 0.0125 0.0742 0.4582 0.3434 0.7398 0.4449 0.6013 0.9096 0.1494 0.9031 0.1483 0.8437 0.6337 0.0416 0.5967 0.3999 0.8632 0.1445 0.3744 0.7969 0.5463 0.8567 0.7766 0.3021 0.4958
50 50
17.5760
0.4232 0.5601 0.4747 0.1426 0.4551 0.0281 0.7971 0.7369 0.7240 0.6271 0.9602 0.2166 0.0902 0.5856 0.2144 0.5902 0.4122 0.1611 0.6572 0.3822 0.7217 0.6833 0.7575 0.1472 0.9741 0.8301 0.3149 0.5843 0.2569 0.0138 0.1776 0.4513 0.2208 0.4442 0.7956 0.9919 0.6673 0.3868 0.5606 0.6833 0.4274 0.4073 0.8845 0.0056 0.2439 0.9105 0.4425 0.2742 0.9621 0.3877
48 48
16.8107
0.4677 0.4502 0.9012 0.3428 0.3388 0.5455 0.8388 0.3290 0.2544 0.0530 0.3492 0.1687 0.2994 0.8829 0.3836 0.7217 0.8587 0.2418 0.6851 0.1949 0.6700 0.5484 0.3875 0.6881 0.2814 0.4758 0.1321 0.1777 0.4258 0.5249 0.9586 0.9864 0.0491 0.6072 0.9667 0.9699 0.2952 0.2334 0.4232 0.8275 0.3472 0.0832 0.3362 0.7286 0.9132 0.2277 0.3551 0.3832
49 49
19.1033
0.2415 0.0780 0.4579 0.5562 0.0784 0.9403 0.4646 0.5053 0.2848 0.7017 0.4411 0.3479 0.6566 0.2184 0.8528 0.2220 0.0628 0.8295 0.6830 0.4695 0.2618 0.6910 0.5158 0.2787 0.4788 0.2835 0.3087 0.4507 0.4063 0.9942 0.3764 0.0668 0.4916 0.8383 0.8577 0.8276 0.5674 0.5526 0.1995 0.4268 0.7008 0.0921 0.7379 0.5255 0.9514 0.1513 0.5207 0.9872 0.4774
48 48
19.7946
0.3642 0.1951 0.9342 0.4053 0.6951 0.1512 0.0583 0.8587 0.2856 0.7966 0.2974 0.0631 0.2122 0.4123 0.8882 0.5305 0.1884 0.7091 0.0118 0.5607 0.4484 0.6514 0.1490 0.0017 0.9029 0.2062 0.4591 0.3740 0.3396 0.9433 0.8947 0.1450 0.2608 0.2202 0.7021 0.5567 0.3267 0.6297 0.2672 0.3049 0.9359 0.1987 0.1097 0.1502 0.0538 0.8136 0.1467 0.2573
49 49
21.7576
0.4618 0.6284 0.9951 0.6280 0.5460 0.6542 0.0659 0.6382 0.7857 0.4444 0.3768 0.5842 0.6272 0.2386 0.9191 0.3621 0.5073 0.4470 0.2798 0.4489 0.7363 0.4480 0.8335 0.0690 0.4546 0.6002 0.0423 0.9046 0.5462 0.7810 0.5552 0.5510 0.0154 0.3308 0.8997 0.9952 0.4730 0.8349 0.1075 0.8386 0.6398 0.2260 0.0492 0.2247 0.6575 0.8093 0.6803 0.2190 0.0451
48 48
19.9908
0.5608 0.2943 0.4156 0.7318 0.8488 0.1289 0.2438 0.7152 0.3212 0.3922 0.0099 0.3381 0.8930 0.3247 0.9035 0.7496 0.5274 0.8744 0.2057 0.9865 0.1137 0.4352 0.1115 0.1205 0.6144 0.0361 0.3676 0.3404 0.0586 0.1023 0.2567 0.3274 0.3958 0.5297 0.5453 0.6262 0.5546 0.9731 0.2413 0.3986 0.0947 0.8556 0.5227 0.8426 0.0546 0.2294 0.1122 0.1899
50 50
19.5585
0.8865 0.9352 0.9398 0.4726 0.1316 0.3603 0.0825 0.9005 0.1335 0.3786 0.8777 0.9649 0.4409 0.9685 0.8503 0.8778 0.7376 0.1494 0.3771 0.0949 0.5581 0.0968 0.5120 0.7520 0.8631 0.9156 0.0068 0.6549 0.3264 0.6000 0.0628 0.2130 0.7003 0.5036 0.4471 0.1465 0.0189 0.8242 0.3172 0.6366 0.0639 0.2309 0.5553 0.0669 0.4123 0.5325 0.4147 0.7468 0.9755 0.1853
2 2
0.0000
1.0000 1.0000
50 50
17.1703
0.0787 0.0545 0.6858 0.8861 0.7766 0.7574 0.9191 0.4558 0.6604 0.0345 0.6516 0.1060 0.3101 0.9892 0.8398 0.8505 0.0529 0.7623 0.6659 0.0901 0.4173 0.4228 0.8220 0.5780 0.3214 0.3307 0.7947 0.4143 0.2760 0.5204 0.8497 0.0727 0.2326 0.8495 0.3628 0.2798 0.7760 0.4453 0.8390 0.1455 0.3354 0.4671 0.9495 0.0996 0.7245 0.9503 0.1880 0.0926 0.2215 0.6902
50 50
0.0000
0.3333 0.3333 0.3333 0.3333 0.3333 0.3333 0.3333 0.3333 0.3333 0.3333 0.3333 0.3333 0.3333 0.3333 0.3333 0.3333 0.3333 0.3333 0.3333 0.3333 0.3333 0.3333 0.3333 0.3333 0.3333 0.3333 0.3333 0.3333 0.3333 0.3333 0.3333 0.3333 0.3333 0.3333 0.3333 0.3333 0.3333 0.3333 0.3333 0.3333 0.3333 0.3333 0.3333 0.3333 0.3333 0.3333 0.3333 0.3333 0.3333 0.3333
47 47
20.6766
0.2169 0.2467 0.2587 0.7209 0.0722 0.7679 0.7841 0.3577 0.1681 0.9010 0.2215 0.3667 0.5885 0.8549 0.8407 0.1324 0.6975 0.3142 0.3603 0.9882 0.4384 0.7418 0.8498 0.7010 0.0433 0.0589 0.4267 0.8193 0.4642 0.6759 0.5342 0.1539 0.5639 0.8753 0.5606 0.5043 0.6501 0.0256 0.7444 0.4568 0.7722 0.8616 0.6731 0.8122 0.5932 0.3273 0.2542
1 1
0.5000
0.5000
47 47
0.5837
0.2976 0.6586 0.2637 0.8003 0.3950 0.4499 0.7970 0.8283 0.6248 0.4096 0.3793 0.7999 0.3154 0.7741 0.3602 0.8738 0.0343 0.1457 0.2756 0.5064 0.7012 0.4740 0.8463 0.9160 0.7335 0.0304 0.8207 0.5956 0.2916 0.9137 0.6696 0.0082 0.1213 0.8867 0.6131 0.8177 0.7619 0.6048 0.1291 0.9918 0.5373 0.5603 0.5026 0.4186 0.5646 0.3682 0.7167
46 46
15.9444
0.5886 0.8042 0.2104 0.1763 0.6625 0.2421 0.8693 0.7659 0.0157 0.5304 0.8312 0.5005 0.3691 0.3144 0.5623 0.3299 0.5754 0.2456 0.1952 0.4931 0.8228 0.6089 0.9564 0.3162 0.2690 0.2218 0.9120 0.4679 0.6891 0.6886 0.7400 0.1148 0.3890 0.1586 0.5296 0.5650 0.6015 0.1986 0.0917 0.9722 0.2150 0.3796 0.9231 0.5152 0.7209 0.1473
2 2
0.3333
0.0000 0.0000
48 48
15.1460
0.9001 0.2936 0.1923 0.5546 0.3331 0.4355 0.1492 0.6642 0.0364 0.6769 0.7931 0.2485 0.8526 0.4521 0.6561 0.0694 0.1273 0.1203 0.7898 0.9313 0.3976 0.5095 0.1633 0.8479 0.7967 0.8775 0.7221 0.4441 0.6450 0.8417 0.7992 0.6003 0.6270 0.2997 0.6411 0.4795 0.4505 0.7945 0.6074 0.8781 0.5350 0.9171 0.6158 0.9627 0.2953 0.6314 0.8135 0.1346
50 50
0.0050
0.9999 0.9999 0.9999 0.9999 0.9999 0.9999 0.9999 0.9999 0.9999 0.9999 0.9999 0.9999 0.9999 0.9999 0.9999 0.9999 0.9999 0.9999 0.9999 0.9999 0.9999 0.9999 0.9999 0.9999 0.9999 0.9999 0.9999 0.9999 0.9999 0.9999 0.9999 0.9999 0.9999 0.9999 0.9999 0.9999 0.9999 0.9999 0.9999 0.9999 0.9999 0.9999 0.9999 0.9999 0.9999 0.9999 0.9999 0.9999 0.9999 0.9999
2 2
0.3333
0.5000 0.5000
46 46
18.1454
0.2163 0.1711 0.6630 0.6752 0.7000 0.5794 0.5264 0.8313 0.8210 0.5757 0.9418 0.6873 0.0401 0.5096 0.5538 0.2655 0.5273 0.4093 0.8758 0.7949 0.1074 0.7796 0.9681 0.2296 0.9868 0.0679 0.1858 0.5211 0.9187 0.2848 0.1478 0.5900 0.7561 0.9832 0.1335 0.2942 0.1425 0.9730 0.2429 0.7267 0.0913 0.4097 0.4004 0.7218 0.0547 0.2129
47 47
2.2784
0.7939 0.6587 0.6641 0.6852 0.1370 0.6483 0.3635 0.8278 0.8419 0.9917 0.4495 0.0708 0.9770 0.1539 0.4354 0.1259 0.2346 0.1664 0.1427 0.1277 0.3553 0.1005 0.1305 0.1902 0.8193 0.3364 0.3084 0.9056 0.0239 0.8156 0.9460 0.6562 0.1028 0.9963 0.8840 0.7586 0.9042 0.5519 0.3204 0.2816 0.6506 0.4923 0.7511 0.5550 0.1637 0.7958 0.8489
49 49
20.5331
0.0403 0.0425 0.3229 0.1254 0.7847 0.0285 0.1799 0.3718 0.0607 0.4088 0.9010 0.0479 0.3576 0.8093 0.0489 0.8069 0.8817 0.9420 0.8614 0.3656 0.4192 0.9468 0.8997 0.9020 0.7941 0.8856 0.8922 0.1469 0.0775 0.1632 0.2557 0.6483 0.0764 0.5896 0.3609 0.2291 0.1787 0.4031 0.0116 0.7097 0.2213 0.5736 0.9663 0.2913 0.2362 0.8808 0.0945 0.5904 0.5942
49 49
2.2603
0.2235 0.2062 0.6942 0.1762 0.7961 0.2017 0.6047 0.4795 0.9229 0.8561 0.3106 0.8491 0.7064 0.0706 0.5165 0.8354 0.1329 0.6873 0.1679 0.5347 0.3545 0.2869 0.4266 0.0739 0.2368 0.8691 0.7213 0.7694 0.5352 0.5337 0.3850 0.5095 0.7444 0.0852 0.4606 0.6125 0.8378 0.5154 0.7001 0.4581 0.4379 0.7809 0.4856 0.7481 0.5509 0.2831 0.7932 0.1160 0.6857
50 50
0.0000
0.9999 0.9999 0.9999 0.9999 0.9999 0.9999 0.9999 0.9999 0.9999 0.9999 0.9999 0.9999 0.9999 0.9999 0.9999 0.9999 0.9999 0.9999 0.9999 0.9999 0.9999 0.9999 0.9999 0.9999 0.9999 0.9999 0.9999 0.9999 0.9999 0.9999 0.9999 0.9999 0.9999 0.9999 0.9999 0.9999 0.9999 0.9999 0.9999 0.9999 0.9999 0.9999 0.9999 0.9999 0.9999 0.9999 0.9999 0.9999 0.9999 0.9999
48 48
16.9686
0.2091 0.8047 0.6125 0.9543 0.4913 0.1091 0.7026 0.1854 0.5828 0.0547 0.0133 0.9713 0.9104 0.9471 0.0470 0.2224 0.3918 0.6462 0.7155 0.5665 0.5594 0.1356 0.8542 0.7363 0.7559 0.1978 0.5858 0.4877 0.6590 0.2260 0.8667 0.4731 0.9887 0.7845 0.9799 0.2779 0.3066 0.6743 0.7120 0.3816 0.6064 0.7261 0.0783 0.0680 0.2861 0.1545 0.0469 0.6118
48 48
17.9917
0.4303 0.9767 0.2996 0.0528 0.2770 0.8860 0.2296 0.1210 0.7027 0.5111 0.3049 0.1885 0.3898 0.0690 0.5544 0.8240 0.8752 0.7239 0.3111 0.5323 0.4284 0.7442 0.1357 0.6614 0.4151 0.1215 0.0546 0.4998 0.4455 0.7993 0.7473 0.0114 0.9443 0.4190 0.4125 0.1536 0.8409 0.2361 0.2649 0.5967 0.7767 0.3223 0.8715 0.2408 0.6787 0.8094 0.3112 0.5632
45 45
24.4446
0.8746 0.1967 0.8937 0.6655 0.0621 0.6432 0.0359 0.3300 0.6878 0.1519 0.0366 0.7782 0.3115 0.5061 0.3036 0.5197 0.1003 0.2238 0.1749 0.0756 0.8361 0.7585 0.6772 0.2776 0.7554 0.3269 0.8564 0.1417 0.4940 0.3117 0.8417 0.2426 0.1908 0.3643 0.7772 0.2205 0.2493 0.4819 0.1838 0.4038 0.1275 0.1276 0.0671 0.5072 0.6642
46 46
19.5818
0.1539 0.6395 0.4146 0.8334 0.9098 0.1451 0.8056 0.6203 0.9450 0.0715 0.8974 0.8382 0.3256 0.6645 0.9767 0.6311 0.3247 0.7264 0.4733 0.2231 0.1638 0.1514 0.4936 0.4164 0.3258 0.2810 0.3220 0.3525 0.7306 0.1453 0.1687 0.5802 0.0479 0.1328 0.8584 0.5134 0.9362 0.1675 0.6143 0.9701 0.8070 0.2576 0.5628 0.3667 0.0714 0.3717
47 47
21.6300
0.9698 0.0950 0.6877 0.4251 0.0420 0.0224 0.1002 0.4838 0.7257 0.4286 0.9174 0.7592 0.8559 0.4181 0.2801 0.2010 0.9820 0.8054 0.0763 0.0595 0.2229 0.1776 0.7085 0.4613 0.7909 0.3930 0.6198 0.0345 0.2874 0.3006 0.3938 0.2072 0.1759 0.3726 0.1851 0.3174 0.6970 0.1898 0.3905 0.0301 0.0230 0.6168 0.8595 0.3060 0.2734 0.1361 0.5944
49 49
23.6897
0.0654 0.3649 0.8051 0.3730 0.8353 0.7084 0.8565 0.0406 0.5997 0.2821 0.4018 0.6570 0.1084 0.2086 0.4483 0.9542 0.4204 0.3468 0.7098 0.3635 0.8061 0.2298 0.2529 0.9061 0.2515 0.8403 0.3037 0.8447 0.4257 0.5487 0.0474 0.5394 0.6938 0.0811 0.1704 0.9039 0.2975 0.3937 0.9713 0.0468 0.7359 0.9289 0.6760 0.1513 0.7980 0.9203 0.5608 0.2060 0.2452
49 49
14.6047
0.6868 0.4229 0.8207 0.6801 0.8107 0.4644 0.6141 0.2916 0.5585 0.0419 0.9876 0.8626 0.9431 0.6013 0.7534 0.2566 0.9675 0.4428 0.9503 0.0888 0.3659 0.7388 0.9900 0.5382 0.1604 0.5979 0.8514 0.1865 0.3462 0.8108 0.3913 0.9024 0.1214 0.3012 0.9237 0.0162 0.4122 0.8025 0.8882 0.8557 0.0828 0.3494 0.6560 0.8289 0.2020 0.8637 0.9818 0.6663 0.7560
45 45
21.9043
0.5144 0.4107 0.3520 0.2631 0.3648 0.9548 0.5037 0.4795 0.3338 0.3080 0.8126 0.8936 0.4019 0.0511 0.1997 0.8425 0.0238 0.2790 0.1781 0.3152 0.5027 0.2575 0.1929 0.5928 0.6676 0.3188 0.4141 0.4543 0.0164 0.6644 0.2642 0.4364 0.3750 0.8707 0.7432 0.3371 0.9177 0.1212 0.6555 0.1632 0.6141 0.0056 0.9334 0.1065 0.0425
48 48
22.0211
0.3513 0.5347 0.6984 0.6117 0.0084 0.9498 0.9843 0.2027 0.1262 0.6710 0.2753 0.6269 0.9632 0.4541 0.7141 0.0520 0.8026 0.2973 0.8404 0.5273 0.8657 0.2792 0.4666 0.5099 0.8737 0.1386 0.3173 0.5133 0.1520 0.7536 0.4942 0.7694 0.2496 0.3692 0.3982 0.9725 0.8508 0.0296 0.1033 0.5529 0.6392 0.1177 0.4869 0.0719 0.6328 0.3436 0.1942 0.8741
50 50
19.7555
0.4183 0.3897 0.6843 0.2168 0.4154 0.9277 0.7807 0.1004 0.8787 0.1063 0.3033 0.2141 0.4603 0.5852 0.2507 0.6664 0.9705 0.2371 0.0036 0.8199 0.6669 0.1924 0.3846 0.8805 0.3193 0.1972 0.7604 0.9615 0.3572 0.7624 0.6110 0.5387 0.7450 0.7507 0.4745 0.9337 0.6075 0.9242 0.5219 0.9570 0.9849 0.1652 0.7452 0.6917 0.6262 0.0465 0.5211 0.9050 0.2602 0.3638
50 50
0.0000
0.8700 0.8700 0.8700 0.8700 0.8700 0.8700 0.8700 0.8700 0.8700 0.8700 0.8700 0.8700 0.8700 0.8700 0.8700 0.8700 0.8700 0.8700 0.8700 0.8700 0.8700 0.8700 0.8700 0.8700 0.8700 0.8700 0.8700 0.8700 0.8700 0.8700 0.8700 0.8700 0.8700 0.8700 0.8700 0.8700 0.8700 0.8700 0.8700 0.8700 0.8700 0.8700 0.8700 0.8700 0.8700 0.8700 0.8700 0.8700 0.8700 0.8700
49 49
14.4359
0.5069 0.9659 0.9760 0.3924 0.9043 0.8558 0.1502 0.5503 0.8386 0.2909 0.3850 0.6461 0.1595 0.9472 0.7156 0.4562 0.8278 0.0556 0.8246 0.7411 0.1161 0.7688 0.2420 0.9418 0.5390 0.7411 0.0604 0.8275 0.7099 0.3343 0.8498 0.4502 0.3168 0.5908 0.4947 0.8190 0.2611 0.9720 0.5198 0.2916 0.0552 0.2756 0.6287 0.5606 0.3460 0.7960 0.6835 0.5011 0.5559
1 1
1.0000
0.0000
45 45
20.2610
0.6843 0.6154 0.7483 0.5217 0.1789 0.9724 0.5871 0.1847 0.0925 0.7371 0.7228 0.7976 0.0347 0.2580 0.7548 0.1239 0.0436 0.3868 0.8779 0.5510 0.8047 0.2378 0.5082 0.4275 0.0006 0.0849 0.2095 0.9980 0.9085 0.8722 0.7252 0.9687 0.4865 0.4850 0.5682 0.1296 0.7718 0.2954 0.0859 0.2372 0.5138 0.4649 0.1625 0.2639 0.4279
50 50
1.0000
0.3333 0.3333 0.3333 0.3333 0.3333 0.3333 0.3333 0.3333 0.3333 0.3333 0.3333 0.3333 0.3333 0.3333 0.3333 0.3333 0.3333 0.3333 0.3333 0.3333 0.3333 0.3333 0.3333 0.3333 0.3333 0.3333 0.3333 0.3333 0.3333 0.3333 0.3333 0.3333 0.3333 0.3333 0.3333 0.3333 0.3333 0.3333 0.3333 0.3333 0.3333 0.3333 0.3333 0.3333 0.3333 0.3333 0.3333 0.3333 0.3333 0.3333
50 50
18.1780
0.1777 0.2037 0.9751 0.5592 0.7665 0.9776 0.4296 0.4210 0.8975 0.8859 0.0540 0.5797 0.5115 0.5943 0.0096 0.8981 0.8548 0.5551 0.2094 0.0602 0.8573 0.5809 0.5338 0.3932 0.5192 0.8745 0.9975 0.9908 0.0151 0.4157 0.8030 0.5527 0.0476 0.5397 0.1710 0.6894 0.8431 0.3546 0.2182 0.4584 0.2594 0.2128 0.2220 0.2478 0.1323 0.1420 0.4368 0.9683 0.0104 0.7821
45 45
17.0492
0.8348 0.8250 0.3121 0.1562 0.7398 0.0185 0.3447 0.9310 0.6525 0.3735 0.5023 0.2452 0.1509 0.2145 0.9428 0.3297 0.0030 0.4237 0.6851 0.0356 0.7428 0.0481 0.2105 0.9084 0.8258 0.2771 0.4262 0.2916 0.5334 0.3431 0.8559 0.7179 0.8937 0.2413 0.0724 0.1842 0.4392 0.4255 0.7542 0.0593 0.5078 0.1440 0.2082 0.4207 0.3593
50 50
50.0000
0.0000 0.0000 0.0000 0.0000 0.0000 0.0000 0.0000 0.0000 0.0000 0.0000 0.0000 0.0000 0.0000 0.0000 0.0000 0.0000 0.0000 0.0000 0.0000 0.0000 0.0000 0.0000 0.0000 0.0000 0.0000 0.0000 0.0000 0.0000 0.0000 0.0000 0.0000 0.0000 0.0000 0.0000 0.0000 0.0000 0.0000 0.0000 0.0000 0.0000 0.0000 0.0000 0.0000 0.0000 0.0000 0.0000 0.0000 0.0000 0.0000 0.0000
4 4
0.0001
0.0000 0.0000 0.0000 0.0000
4 4
1.3999
0.8000 0.5000 0.7000 0.6000
50 50
20.3749
0.8840 0.2446 0.2355 0.1820 0.2636 0.1786 0.2534 0.7063 0.3077 0.0185 0.9808 0.7701 0.0577 0.8137 0.3420 0.0807 0.5612 0.5919 0.5835 0.9808 0.5928 0.6095 0.8204 0.4398 0.7070 0.8958 0.8355 0.6161 0.4542 0.7961 0.0794 0.1548 0.6301 0.6781 0.1836 0.0659 0.9948 0.9633 0.1827 0.4511 0.7012 0.2058 0.0816 0.1446 0.2013 0.1091 0.9560 0.0558 0.4107 0.1932
49 49
17.4652
0.4892 0.4954 0.1398 0.0088 0.7559 0.3378 0.3802 0.7204 0.8003 0.0398 0.1835 0.6392 0.3763 0.8810 0.0083 0.4855 0.5251 0.1978 0.3188 0.3837 0.4881 0.5081 0.6481 0.2119 0.5746 0.4196 0.7356 0.1752 0.1380 0.9679 0.5063 0.8370 0.4051 0.5908 0.3111 0.9331 0.4450 0.1152 0.4868 0.7505 0.8705 0.1061 0.6404 0.9944 0.4470 0.6114 0.8655 0.1378 0.3916
46 46
24.0735
0.4571 0.9510 0.6556 0.5887 0.7892 0.8539 0.6579 0.4550 0.4023 0.7795 0.5462 0.5586 0.1574 0.6173 0.3363 0.0606 0.5309 0.4037 0.1254 0.5858 0.1742 0.2502 0.1671 0.7320 0.9361 0.3129 0.1370 0.3474 0.3620 0.0485 0.8623 0.2533 0.7956 0.4927 0.2202 0.2542 0.2017 0.1126 0.3748 0.7049 0.3504 0.1762 0.6886 0.7759 0.5253 0.2478
49 49
17.1550
0.6097 0.6977 0.3169 0.0523 0.6415 0.9942 0.2841 0.8902 0.6620 0.8954 0.1587 0.1739 0.1247 0.1283 0.6628 0.7441 0.3983 0.6595 0.8231 0.9237 0.0082 0.4693 0.4644 0.0312 0.7657 0.1206 0.7326 0.0464 0.5849 0.8721 0.2382 0.6014 0.7539 0.5784 0.3647 0.4237 0.5664 0.6250 0.7639 0.4385 0.2748 0.0483 0.8717 0.1465 0.2803 0.8777 0.8099 0.9767 0.5937
49 49
17.0003
0.1524 0.6297 0.7735 0.8924 0.4594 0.7879 0.4810 0.8172 0.8154 0.7281 0.1414 0.5055 0.8782 0.7851 0.1852 0.3340 0.7490 0.8954 0.8484 0.7431 0.2601 0.8519 0.2929 0.6762 0.8996 0.2317 0.5482 0.7262 0.7891 0.2701 0.5146 0.5300 0.3048 0.2676 0.5568 0.6992 0.9641 0.8286 0.0383 0.0253 0.8227 0.1706 0.2201 0.8849 0.2953 0.6813 0.0316 0.2392 0.9414
50 50
0.0000
0.0000 0.0000 0.0000 0.0000 0.0000 0.0000 0.0000 0.0000 0.0000 0.0000 0.0000 0.0000 0.0000 0.0000 0.0000 0.0000 0.0000 0.0000 0.0000 0.0000 0.0000 0.0000 0.0000 0.0000 0.0000 0.0000 0.0000 0.0000 0.0000 0.0000 0.0000 0.0000 0.0000 0.0000 0.0000 0.0000 0.0000 0.0000 0.0000 0.0000 0.0000 0.0000 0.0000 0.0000 0.0000 0.0000 0.0000 0.0000 0.0000 0.0000
1 1
0.3333
0.5000
48 48
16.4393
0.7399 0.7788 0.5780 0.4240 0.9636 0.3205 0.2235 0.9248 0.2173 0.0536 0.0822 0.5418 0.1022 0.0903 0.8405 0.7480 0.5356 0.4077 0.9124 0.7301 0.8327 0.6186 0.8607 0.3856 0.9433 0.2657 0.6761 0.1685 0.8925 0.4663 0.5375 0.2161 0.1428 0.2891 0.4808 0.9157 0.3507 0.9745 0.8890 0.3183 0.1684 0.6709 0.4494 0.2331 0.9271 0.0689 0.9516 0.6116
49 49
25.9505
0.3599 0.9622 0.9525 0.4285 0.3146 0.1237 0.4680 0.8193 0.8550 0.5036 0.0224 0.5152 0.1249 0.4017 0.8827 0.1516 0.5284 0.1877 0.8610 0.4511 0.8697 0.1078 0.5265 0.6794 0.3629 0.2187 0.0918 0.6711 0.0628 0.0754 0.3077 0.6402 0.7804 0.6974 0.0260 0.6857 0.1012 0.8449 0.5261 0.8678 0.9055 0.1483 0.2483 0.6123 0.0063 0.9131 0.1395 0.3413 0.4601
45 45
16.8862
0.2704 0.2997 0.0257 0.9552 0.8613 0.6323 0.9208 0.4933 0.0442 0.4804 0.2044 0.6853 0.6652 0.7064 0.1306 0.5769 0.9813 0.9320 0.3163 0.6647 0.9020 0.5331 0.0639 0.8997 0.8357 0.5146 0.2498 0.7556 0.5460 0.1849 0.4561 0.2725 0.2922 0.5447 0.8692 0.0793 0.6472 0.6551 0.9996 0.0635 0.3155 0.8184 0.1966 0.6836 0.2481
45 45
15.4777
0.1858 0.8674 0.8380 0.2927 0.2421 0.5949 0.3042 0.7877 0.5059 0.1302 0.7337 0.2794 0.1406 0.9305 0.3185 0.1452 0.8373 0.7209 0.8381 0.4771 0.7046 0.9765 0.6910 0.5049 0.3214 0.4189 0.3045 0.6765 0.5906 0.4499 0.2932 0.7401 0.3860 0.0797 0.6979 0.6983 0.1332 0.1430 0.6797 0.0323 0.9432 0.3577 0.9753 0.0919 0.9984
47 47
23.7522
0.5288 0.3500 0.8079 0.1054 0.1536 0.5946 0.4700 0.8100 0.2309 0.3367 0.3715 0.1911 0.0714 0.5709 0.0558 0.8270 0.8233 0.1204 0.2196 0.5293 0.0807 0.4877 0.2454 0.4414 0.8246 0.7238 0.0550 0.1918 0.3857 0.9540 0.7212 0.6683 0.7901 0.2040 0.3815 0.0035 0.3898 0.3882 0.5519 0.4929 0.4642 0.7939 0.6645 0.5088 0.2103 0.2848 0.1109
48 48
17.5445
0.2666 0.7899 0.1942 0.9814 0.0157 0.2831 0.5676 0.0728 0.8312 0.5550 0.0969 0.4887 0.9695 0.5827 0.0932 0.8286 0.4189 0.8102 0.6886 0.0365 0.5057 0.4508 0.8536 0.7817 0.2072 0.0437 0.7784 0.0016 0.2582 0.8265 0.8038 0.0252 0.9086 0.7991 0.6881 0.7529 0.7469 0.2226 0.1946 0.3587 0.7220 0.6689 0.5534 0.4754 0.0882 0.9376 0.2177 0.2478
50 50
0.0049
0.9999 0.9999 0.9999 0.9999 0.9999 0.9999 0.9999 0.9999 0.9999 0.9999 0.9999 0.9999 0.9999 0.9999 0.9999 0.9999 0.9999 0.9999 0.9999 0.9999 0.9999 0.9999 0.9999 0.9999 0.9999 0.9999 0.9999 0.9999 0.9999 0.9999 0.9999 0.9999 0.9999 0.9999 0.9999 0.9999 0.9999 0.9999 0.9999 0.9999 0.9999 0.9999 0.9999 0.9999 0.9999 0.9999 0.9999 0.9999 0.9999 0.9999
50 50
0.0000
1.0000 1.0000 1.0000 1.0000 1.0000 1.0000 1.0000 1.0000 1.0000 1.0000 1.0000 1.0000 1.0000 1.0000 1.0000 1.0000 1.0000 1.0000 1.0000 1.0000 1.0000 1.0000 1.0000 1.0000 1.0000 1.0000 1.0000 1.0000 1.0000 1.0000 1.0000 1.0000 1.0000 1.0000 1.0000 1.0000 1.0000 1.0000 1.0000 1.0000 1.0000 1.0000 1.0000 1.0000 1.0000 1.0000 1.0000 1.0000 1.0000 1.0000
50 50
20.3084
0.1200 0.6069 0.4268 0.1809 0.4859 0.6582 0.5869 0.6087 0.9870 0.7308 0.0519 0.0418 0.9700 0.4502 0.0804 0.4150 0.1819 0.9394 0.8448 0.2993 0.9117 0.2159 0.5387 0.1860 0.3099 0.0963 0.1459 0.5061 0.3030 0.1871 0.6892 0.2415 0.4744 0.2191 0.7790 0.6033 0.8128 0.9435 0.9686 0.6906 0.5610 0.1381 0.2379 0.7782 0.7778 0.3255 0.5059 0.0130 0.1601 0.7678
47 47
18.3803
0.3398 0.2069 0.3762 0.2770 0.1769 0.6565 0.1807 0.9835 0.6047 0.0718 0.4659 0.5368 0.4149 0.2342 0.5392 0.8919 0.0336 0.1366 0.0976 0.0873 0.2355 0.1521 0.5628 0.5063 0.9829 0.9935 0.3182 0.6271 0.9062 0.5998 0.8713 0.7220 0.4539 0.3444 0.2614 0.7128 0.7276 0.4358 0.9055 0.5923 0.1168 0.1150 0.5101 0.8371 0.1112 0.0124 0.1448
50 50
33.3350
0.3333 0.3333 0.3333 0.3333 0.3333 0.3333 0.3333 0.3333 0.3333 0.3333 0.3333 0.3333 0.3333 0.3333 0.3333 0.3333 0.3333 0.3333 0.3333 0.3333 0.3333 0.3333 0.3333 0.3333 0.3333 0.3333 0.3333 0.3333 0.3333 0.3333 0.3333 0.3333 0.3333 0.3333 0.3333 0.3333 0.3333 0.3333 0.3333 0.3333 0.3333 0.3333 0.3333 0.3333 0.3333 0.3333 0.3333 0.3333 0.3333 0.3333
1 1
0.3333
0.0000
48 48
25.0926
0.5257 0.1931 0.6207 0.6268 0.5186 0.1079 0.1119 0.7486 0.0231 0.6796 0.9611 0.4108 0.5747 0.3039 0.3349 0.0759 0.5034 0.0253 0.2176 0.2059 0.4962 0.2301 0.7772 0.3943 0.7739 0.9955 0.7875 0.9680 0.3270 0.5232 0.9961 0.2434 0.8406 0.3138 0.7114 0.3235 0.2503 0.3446 0.1610 0.5719 0.4903 0.2688 0.0039 0.9431 0.7582 0.3830 0.2152 0.1321
49 49
19.8888
0.4014 0.7617 0.2799 0.5587 0.3104 0.3805 0.0723 0.2021 0.2640 0.8752 0.0747 0.8953 0.4273 0.2011 0.6346 0.8012 0.5701 0.1397 0.2593 0.4288 0.4697 0.1457 0.7696 0.0250 0.3692 0.7918 0.0354 0.6281 0.6490 0.5052 0.1318 0.1244 0.9846 0.4443 0.3780 0.5255 0.7087 0.0196 0.6398 0.1256 0.3823 0.9246 0.3846 0.8687 0.2430 0.9756 0.9439 0.2947 0.6311
47 47
15.8514
0.7808 0.7873 0.5360 0.9593 0.7504 0.0610 0.3941 0.1982 0.9633 0.0285 0.7987 0.0665 0.9285 0.5304 0.2174 0.4227 0.4175 0.5827 0.8338 0.0319 0.5575 0.1612 0.5309 0.6224 0.4268 0.7440 0.5814 0.9770 0.5562 0.4071 0.6980 0.6417 0.6568 0.2564 0.0608 0.0468 0.2381 0.5735 0.9851 0.8068 0.3034 0.9754 0.0467 0.4555 0.8819 0.4645 0.5685
50 50
22.4205
0.0988 0.1555 0.6861 0.6255 0.9253 0.2945 0.9489 0.7780 0.8543 0.3338 0.1849 0.4519 0.8273 0.9768 0.0478 0.6670 0.7771 0.0388 0.4529 0.6085 0.5904 0.1867 0.1696 0.4141 0.8100 0.3676 0.9012 0.3781 0.7097 0.2492 0.0841 0.0970 0.4979 0.5343 0.5607 0.6485 0.9216 0.1220 0.4518 0.8089 0.1211 0.2102 0.6074 0.0281 0.4510 0.2019 0.3060 0.3170 0.4373 0.6822
45 45
20.2373
0.3947 0.1810 0.7055 0.2293 0.6356 0.5849 0.2853 0.9116 0.9640 0.2283 0.8592 0.3354 0.8887 0.0983 0.0853 0.0933 0.5736 0.9445 0.5107 0.6186 0.0883 0.2198 0.3931 0.9695 0.6319 0.4852 0.5316 0.3586 0.4272 0.9005 0.2414 0.0650 0.0219 0.7623 0.5326 0.1505 0.4697 0.4923 0.9411 0.2500 0.0323 0.1572 0.7515 0.9494 0.1736
46 46
18.4818
0.6894 0.4320 0.9339 0.4478 0.5397 0.0840 0.5471 0.1556 0.2594 0.1091 0.4176 0.9175 0.7683 0.9145 0.1025 0.1987 0.5079 0.7482 0.8253 0.5411 0.6920 0.7788 0.7555 0.3898 0.2048 0.6519 0.3185 0.1590 0.8687 0.7187 0.2960 0.7272 0.3593 0.1139 0.8555 0.6987 0.8476 0.0029 0.8994 0.2954 0.0741 0.2986 0.8623 0.7525 0.8584 0.6827
2 2
0.5000
0.5000 0.5000
50 50
1.0000
0.0000 0.0000 0.0000 0.0000 0.0000 0.0000 0.0000 0.0000 0.0000 0.0000 0.0000 0.0000 0.0000 0.0000 0.0000 0.0000 0.0000 0.0000 0.0000 0.0000 0.0000 0.0000 0.0000 0.0000 0.0000 0.0000 0.0000 0.0000 0.0000 0.0000 0.0000 0.0000 0.0000 0.0000 0.0000 0.0000 0.0000 0.0000 0.0000 0.0000 0.0000 0.0000 0.0000 0.0000 0.0000 0.0000 0.0000 0.0000 0.0000 0.0000
47 47
15.8668
0.0248 0.3631 0.4353 0.8562 0.5737 0.3823 0.3299 0.3153 0.9829 0.9420 0.9067 0.2528 0.2264 0.6551 0.6891 0.3795 0.2169 0.8126 0.4270 0.4793 0.6070 0.6569 0.8163 0.9066 0.7982 0.3478 0.1652 0.8259 0.3580 0.5749 0.3386 0.6631 0.2888 0.4087 0.0789 0.2820 0.5050 0.7072 0.5930 0.3589 0.2299 0.8475 0.9652 0.1084 0.0921 0.9838 0.3095
49 49
19.2549
0.5321 0.6452 0.3083 0.4082 0.0084 0.7737 0.9921 0.1965 0.6619 0.4177 0.1110 0.0973 0.7097 0.3666 0.7203 0.3568 0.8515 0.9738 0.3050 0.7029 0.6903 0.5636 0.4865 0.8087 0.1191 0.1478 0.8260 0.8994 0.9895 0.0308 0.8471 0.2318 0.0422 0.1646 0.8239 0.5216 0.1685 0.5655 0.1429 0.1772 0.3147 0.7882 0.5272 0.1281 0.6854 0.2611 0.8614 0.4759 0.0106
50 50
20.4613
0.8411 0.8977 0.7107 0.0040 0.8664 0.6163 0.2416 0.6018 0.6156 0.0672 0.5570 0.3153 0.7529 0.2225 0.8353 0.0014 0.3097 0.0426 0.4421 0.7985 0.8429 0.5744 0.2732 0.7092 0.9494 0.9800 0.4167 0.6988 0.6566 0.0019 0.5850 0.0577 0.3388 0.9919 0.4420 0.9878 0.2697 0.0311 0.0069 0.4434 0.3981 0.3539 0.5332 0.3223 0.4869 0.2452 0.1717 0.4381 0.3164 0.3293
46 46
20.2221
0.1514 0.2148 0.0206 0.0025 0.3011 0.2833 0.1930 0.3755 0.6722 0.5981 0.7734 0.4877 0.7850 0.0892 0.9774 0.4545 0.5648 0.4282 0.7391 0.7788 0.1452 0.3515 0.7561 0.0481 0.4259 0.3826 0.9557 0.3781 0.7252 0.1585 0.1013 0.1513 0.7574 0.5829 0.8502 0.5602 0.3644 0.6547 0.2698 0.2466 0.8752 0.2331 0.4962 0.2758 0.7463 0.1832
45 45
12.1303
0.4596 0.2306 0.5560 0.4801 0.3913 0.8422 0.2087 0.8755 0.5215 0.3302 0.9241 0.9886 0.6015 0.6290 0.1308 0.9741 0.3618 0.6017 0.8516 0.4383 0.4190 0.3871 0.8991 0.9343 0.7518 0.8946 0.2974 0.9480 0.9619 0.9643 0.7884 0.7899 0.4981 0.0509 0.1904 0.9208 0.8443 0.5903 0.4523 0.6928 0.9476 0.5531 0.0749 0.1767 0.8550
45 45
3.5904
0.5221 0.1018 0.3252 0.3085 0.9111 0.8268 0.4520 0.4244 0.4972 0.6942 0.1272 0.4568 0.3028 0.1824 0.5679 0.2361 0.3655 0.3448 0.5776 0.5127 0.6697 0.7976 0.8945 0.8465 0.2692 0.1036 0.4465 0.3892 0.4581 0.8075 0.2414 0.7122 0.7248 0.4654 0.7398 0.4820 0.1847 0.3880 0.3233 0.3308 0.7715 0.9563 0.1720 0.3324 0.4031
47 47
19.1819
0.8630 0.7396 0.0831 0.6222 0.2564 0.2529 0.9375 0.4125 0.0633 0.6247 0.9798 0.3836 0.4153 0.4353 0.0288 0.4395 0.4583 0.4248 0.8975 0.5373 0.3771 0.4336 0.9624 0.4639 0.4442 0.2176 0.7872 0.3837 0.2417 0.2689 0.0619 0.3077 0.7006 0.3057 0.3667 0.1978 0.1753 0.6847 0.0992 0.7342 0.6222 0.4469 0.6866 0.9524 0.8974 0.9466 0.4877
50 50
0.6901
0.7255 0.1546 0.0770 0.1761 0.9438 0.3337 0.3724 0.7417 0.8733 0.8871 0.9318 0.2187 0.5109 0.3483 0.9926 0.9641 0.6598 0.7742 0.2108 0.1842 0.3512 0.6986 0.6915 0.6196 0.0932 0.7287 0.5154 0.2665 0.1090 0.8764 0.7744 0.7205 0.3303 0.8265 0.5983 0.0857 0.7951 0.0507 0.0539 0.8091 0.3158 0.2791 0.2215 0.2683 0.2443 0.8928 0.5160 0.0863 0.6759 0.1224
50 50
18.3628
0.6284 0.9038 0.9463 0.7347 0.5138 0.6179 0.7603 0.2012 0.3151 0.4756 0.7484 0.9972 0.7709 0.8472 0.7919 0.8408 0.9701 0.0220 0.1132 0.1377 0.2932 0.3459 0.1043 0.0665 0.4567 0.0695 0.6743 0.2970 0.4345 0.3550 0.0744 0.0523 0.5652 0.5404 0.2144 0.8784 0.5184 0.5060 0.5253 0.9960 0.8901 0.2102 0.9895 0.2661 0.4739 0.1434 0.2866 0.2522 0.2128 0.7105
45 45
22.1973
0.2924 0.6025 0.8279 0.3593 0.5235 0.5051 0.4592 0.8392 0.5324 0.0162 0.7721 0.6661 0.1597 0.5591 0.9535 0.7077 0.1895 0.3994 0.3204 0.2511 0.3703 0.3422 0.9006 0.4862 0.4307 0.2481 0.9317 0.6601 0.9690 0.4491 0.2307 0.3476 0.7836 0.2598 0.2391 0.0016 0.0884 0.2253 0.1814 0.5287 0.3099 0.9484 0.7717 0.5274 0.9035
49 49
18.9105
0.1729 0.6690 0.9237 0.7218 0.5159 0.2397 0.5558 0.7936 0.1815 0.1410 0.3321 0.3044 0.4869 0.8678 0.7886 0.4174 0.5474 0.3273 0.7524 0.1251 0.0686 0.9464 0.0938 0.1263 0.4103 0.0263 0.0159 0.3287 0.9449 0.2200 0.5112 0.5152 0.8188 0.1103 0.1921 0.6416 0.6856 0.5461 0.5413 0.5890 0.9362 0.2750 0.9180 0.3501 0.6881 0.0971 0.3346 0.5919 0.3216
49 49
19.2435
0.0698 0.3714 0.9343 0.0428 0.7991 0.9529 0.6532 0.9258 0.0508 0.1642 0.7340 0.1162 0.0170 0.8298 0.0878 0.5658 0.7293 0.8562 0.7994 0.8574 0.2826 0.9259 0.9446 0.8849 0.5134 0.3988 0.7308 0.4678 0.0321 0.4030 0.5995 0.3007 0.6381 0.0829 0.3524 0.6356 0.1746 0.2492 0.2349 0.7794 0.0180 0.2928 0.0189 0.2781 0.1819 0.5969 0.4701 0.1535 0.7301
48 48
20.9660
0.1722 0.0234 0.1558 0.6813 0.4985 0.4327 0.2251 0.1309 0.2558 0.5886 0.0696 0.2866 0.7399 0.1303 0.3693 0.2912 0.1061 0.0850 0.8012 0.8585 0.8730 0.6253 0.9540 0.7509 0.6584 0.7239 0.3478 0.9992 0.7383 0.0176 0.3050 0.5743 0.6212 0.3928 0.7600 0.2331 0.7610 0.0938 0.2242 0.4439 0.0779 0.3762 0.7925 0.5168 0.9385 0.6830 0.0367 0.0810
49 49
22.3628
0.3939 0.2399 0.4097 0.8135 0.6321 0.9459 0.6636 0.3213 0.2203 0.7954 0.1442 0.3422 0.2188 0.7282 0.5104 0.4586 0.8475 0.3060 0.6734 0.7537 0.5546 0.8685 0.5027 0.3805 0.6006 0.6401 0.6570 0.9675 0.0745 0.6001 0.2793 0.3606 0.3332 0.5784 0.3618 0.3030 0.8569 0.7519 0.2106 0.6888 0.4464 0.2971 0.0478 0.4763 0.0699 0.3768 0.9726 0.8884 0.4602
