100
4 4
1.4000
0.5000 0.7000 0.8000 0.6000
2 2
1.0000
0.0000 0.0000
2 2
0.0000
0.9000 0.8000
2 2
0.1000
0.4000 0.5000
46 46
20.5942
0.3896 0.8891 0.7150 0.5963 0.5786 0.0992 0.7148 0.5418 0.3191 0.0217 0.1399 0.4129 0.3807 0.4491 0.4857 0.8705 0.5954 0.3360 0.9391 0.2201 0.3264 0.2684 0.7730 0.7529 0.0403 0.6076 0.0796 0.8676 0.5345 0.6759 0.3567 0.4677 0.2750 0.3562 0.4426 0.2771 0.6575 0.3787 0.6347 0.1329 0.2450 0.1475 0.5709 0.6214 0.9857 0.1202
45 45
14.9791
0.8676 0.0247 0.8792 0.8601 0.5125 0.8895 0.4153 0.0502 0.6699 0.9250 0.7394 0.9985 0.2605 0.4727 0.3751 0.0260 0.9139 0.9224 0.3414 0.4995 0.0946 0.4738 0.7669 0.5713 0.7832 0.8466 0.9003 0.0823 0.2277 0.8999 0.8925 0.7749 0.0459 0.6349 0.0329 0.5040 0.7448 0.2412 0.2896 0.2268 0.0052 0.8752 0.2760 0.1467 0.9030
50 50
0.0000
0.8765 0.8765 0.8765 0.8765 0.8765 0.8765 0.8765 0.8765 0.8765 0.8765 0.8765 0.8765 0.8765 0.8765 0.8765 0.8765 0.8765 0.8765 0.8765 0.8765 0.8765 0.8765 0.8765 0.8765 0.8765 0.8765 0.8765 0.8765 0.8765 0.8765 0.8765 0.8765 0.8765 0.8765 0.8765 0.8765 0.8765 0.8765 0.8765 0.8765 0.8765 0.8765 0.8765 0.8765 0.8765 0.8765 0.8765 0.8765 0.8765 0.8765
50 50
16.0686
0.0990 0.8816 0.8160 0.6857 0.8473 0.8534 0.1788 0.0418 0.8346 0.3543 0.4409 0.4006 0.3649 0.7289 0.4611 0.2351 0.3817 0.8100 0.5034 0.7582 0.8186 0.0509 0.2821 0.6558 0.7229 0.9951 0.0410 0.1357 0.2457 0.5416 0.6572 0.9028 0.1584 0.7192 0.3070 0.0082 0.5127 0.9611 0.9076 0.7928 0.7930 0.0280 0.1272 0.9892 0.4052 0.6421 0.3758 0.4559 0.4717 0.6687
50 50
0.0000
0.3333 0.3333 0.3333 0.3333 0.3333 0.3333 0.3333 0.3333 0.3333 0.3333 0.3333 0.3333 0.3333 0.3333 0.3333 0.3333 0.3333 0.3333 0.3333 0.3333 0.3333 0.3333 0.3333 0.3333 0.3333 0.3333 0.3333 0.3333 0.3333 0.3333 0.3333 0.3333 0.3333 0.3333 0.3333 0.3333 0.3333 0.3333 0.3333 0.3333 0.3333 0.3333 0.3333 0.3333 0.3333 0.3333 0.3333 0.3333 0.3333 0.3333
1 1
0.5000
0.5000
45 45
19.4774
0.5270 0.8902 0.9568 0.3060 0.3381 0.5775 0.8884 0.5892 0.9335 0.8063 0.6337 0.1622 0.3878 0.7340 0.6522 0.2128 0.4090 0.2209 0.8620 0.7633 0.1893 0.1271 0.7868 0.1934 0.0921 0.6255 0.4088 0.4573 0.7360 0.9510 0.4613 0.6538 0.1584 0.0563 0.0012 0.9540 0.3072 0.8071 0.2459 0.6510 0.0647 0.9375 0.5125 0.2142 0.9554
47 47
2.2784
0.5550 0.4495 0.4923 0.2346 0.8278 0.6587 0.3084 0.4354 0.3364 0.1370 0.5519 0.8419 0.1028 0.3635 0.1259 0.9963 0.9056 0.1427 0.1902 0.1664 0.1305 0.9042 0.6506 0.8840 0.3553 0.6641 0.9917 0.7586 0.1005 0.9460 0.7939 0.1637 0.2816 0.6852 0.6483 0.3204 0.9770 0.8489 0.7511 0.0239 0.7958 0.6562 0.8156 0.0708 0.8193 0.1277 0.1539
45 45
22.6566
0.7462 0.7556 0.1742 0.9304 0.0088 0.8816 0.6520 0.8750 0.6534 0.2096 0.6398 0.3694 0.3741 0.9908 0.8005 0.4538 0.5111 0.3855 0.2482 0.0810 0.4794 0.6837 0.7851 0.1776 0.7212 0.0024 0.2646 0.4996 0.6780 0.8803 0.7078 0.3936 0.0932 0.1021 0.2199 0.9101 0.1484 0.0576 0.7001 0.6545 0.1604 0.6569 0.3667 0.1646 0.7556
48 48
17.2362
0.1797 0.1396 0.5636 0.3744 0.7336 0.5476 0.0676 0.5211 0.3659 0.8986 0.1567 0.2218 0.8112 0.8262 0.7467 0.2432 0.2850 0.8745 0.4766 0.3113 0.7186 0.1036 0.7062 0.7470 0.6793 0.0964 0.7637 0.5308 0.7608 0.7009 0.5871 0.3496 0.9658 0.0985 0.9230 0.5312 0.3835 0.0861 0.6984 0.8377 0.7929 0.4247 0.8643 0.4645 0.0134 0.1118 0.9407 0.8021
49 49
19.2550
0.3346 0.2353 0.1629 0.7478 0.1816 0.8246 0.8584 0.3375 0.5934 0.2929 0.9260 0.0604 0.3648 0.7354 0.8530 0.2114 0.6666 0.5616 0.3390 0.7760 0.4392 0.1909 0.0681 0.7662 0.9240 0.6798 0.3985 0.8668 0.9224 0.5906 0.3910 0.4273 0.9087 0.2585 0.3678 0.3304 0.5832 0.4019 0.7289 0.1395 0.2734 0.8665 0.1437 0.7487 0.6497 0.7948 0.9844 0.2039 0.1022
46 46
21.0649
0.7774 0.0458 0.2928 0.6822 0.1314 0.3777 0.4488 0.9244 0.1454 0.1104 0.5030 0.4079 0.7510 0.1941 0.3756 0.0730 0.7052 0.3992 0.3104 0.9889 0.5285 0.2077 0.2350 0.1747 0.3225 0.0589 0.3239 0.4520 0.1432 0.4432 0.4698 0.9112 0.8250 0.3535 0.6598 0.4748 0.3103 0.5381 0.7852 0.3670 0.8276 0.3842 0.2400 0.6284 0.1858 0.1809
48 48
22.3234
0.9119 0.8227 0.6045 0.7633 0.7328 0.4266 0.2419 0.0893 0.6349 0.9145 0.0093 0.1528 0.9194 0.7997 0.0776 0.9692 0.7893 0.1783 0.9919 0.3365 0.3676 0.6637 0.2585 0.2429 0.1939 0.4231 0.8987 0.7443 0.0116 0.3189 0.2981 0.1470 0.8523 0.8327 0.7220 0.1405 0.3504 0.0286 0.3982 0.3835 0.3820 0.0618 0.2147 0.8187 0.0947 0.4106 0.6922 0.1561
45 45
19.6283
0.0458 0.3273 0.6158 0.3238 0.7313 0.6071 0.8610 0.6067 0.3231 0.6757 0.3922 0.8154 0.4284 0.3382 0.2624 0.8346 0.2630 0.9017 0.1937 0.1481 0.9354 0.0476 0.4231 0.7075 0.2833 0.9500 0.8667 0.0294 0.0752 0.4006 0.6763 0.1297 0.1442 0.4676 0.5085 0.0970 0.9710 0.4753 0.5176 0.2218 0.9099 0.2591 0.6078 0.1538 0.1621
2 2
0.5000
0.5000 0.5000
49 49
21.9025
0.5018 0.0638 0.1964 0.0250 0.5890 0.2466 0.9073 0.5017 0.2714 0.8906 0.9330 0.7502 0.8656 0.9237 0.1479 0.8796 0.3380 0.4946 0.3281 0.3529 0.6372 0.8795 0.0091 0.2597 0.4927 0.3508 0.6463 0.2391 0.2649 0.3942 0.3702 0.7595 0.8599 0.5147 0.1044 0.2382 0.2607 0.3388 0.4720 0.5110 0.6120 0.6557 0.3075 0.0059 0.7722 0.1137 0.8591 0.6107 0.5114
50 50
0.0050
0.9999 0.9999 0.9999 0.9999 0.9999 0.9999 0.9999 0.9999 0.9999 0.9999 0.9999 0.9999 0.9999 0.9999 0.9999 0.9999 0.9999 0.9999 0.9999 0.9999 0.9999 0.9999 0.9999 0.9999 0.9999 0.9999 0.9999 0.9999 0.9999 0.9999 0.9999 0.9999 0.9999 0.9999 0.9999 0.9999 0.9999 0.9999 0.9999 0.9999 0.9999 0.9999 0.9999 0.9999 0.9999 0.9999 0.9999 0.9999 0.9999 0.9999
48 48
18.1348
0.0731 0.6835 0.2721 0.7256 0.1349 0.3555 0.4986 0.2363 0.3074 0.1465 0.2251 0.3551 0.8814 0.4693 0.3371 0.7102 0.0553 0.0248 0.9312 0.0284 0.1845 0.1716 0.8736 0.9481 0.9489 0.6734 0.4243 0.0088 0.2481 0.9092 0.3531 0.8126 0.3041 0.0180 0.4721 0.4602 0.6323 0.6999 0.7237 0.4845 0.4926 0.8912 0.9681 0.8521 0.2491 0.8376 0.2652 0.5980
49 49
21.9995
0.3478 0.7907 0.7626 0.5196 0.6403 0.7405 0.2145 0.6473 0.7055 0.4350 0.5944 0.6163 0.2076 0.6495 0.7924 0.3856 0.9397 0.0041 0.8395 0.4321 0.0910 0.2665 0.0358 0.3060 0.9093 0.8612 0.0834 0.5085 0.1087 0.0763 0.9491 0.0125 0.0400 0.2624 0.4721 0.7889 0.6332 0.5948 0.4873 0.2218 0.3899 0.2293 0.8471 0.2550 0.8998 0.1385 0.6388 0.8003 0.1674
1 1
0.0000
1.0000
45 45
14.7934
0.7738 0.9701 0.4995 0.6585 0.1087 0.9652 0.1033 0.7883 0.5829 0.7966 0.2989 0.2901 0.0014 0.3566 0.3136 0.8871 0.8317 0.8266 0.7858 0.5624 0.9785 0.2797 0.4538 0.7793 0.3632 0.9324 0.3507 0.2395 0.8481 0.5248 0.2717 0.9534 0.6920 0.0603 0.8212 0.6003 0.4286 0.1926 0.0642 0.9191 0.0551 0.4281 0.0771 0.3151 0.6918
45 45
16.7259
0.6826 0.1751 0.1007 0.8611 0.3647 0.1867 0.3747 0.6347 0.7603 0.7087 0.0633 0.5674 0.3814 0.9699 0.1533 0.2327 0.3721 0.6282 0.4960 0.3785 0.7397 0.8245 0.6048 0.4527 0.9890 0.6860 0.2504 0.0095 0.7223 0.7305 0.9031 0.3371 0.9884 0.0068 0.8780 0.6593 0.5981 0.6395 0.9820 0.3183 0.2740 0.0243 0.6329 0.0405 0.7486
50 50
1.0000
0.0000 0.0000 0.0000 0.0000 0.0000 0.0000 0.0000 0.0000 0.0000 0.0000 0.0000 0.0000 0.0000 0.0000 0.0000 0.0000 0.0000 0.0000 0.0000 0.0000 0.0000 0.0000 0.0000 0.0000 0.0000 0.0000 0.0000 0.0000 0.0000 0.0000 0.0000 0.0000 0.0000 0.0000 0.0000 0.0000 0.0000 0.0000 0.0000 0.0000 0.0000 0.0000 0.0000 0.0000 0.0000 0.0000 0.0000 0.0000 0.0000 0.0000
46 46
18.0807
0.4494 0.5412 0.1440 0.2669 0.2347 0.5912 0.8250 0.0638 0.6277 0.6746 0.5573 0.5292 0.8565 0.6009 0.5153 0.6792 0.1933 0.9500 0.8081 0.7350 0.6509 0.4232 0.2458 0.4920 0.4248 0.4293 0.4795 0.2944 0.6435 0.2964 0.7700 0.7901 0.3657 0.8420 0.8835 0.1209 0.3830 0.1247 0.1496 0.8886 0.5261 0.1180 0.7158 0.1529 0.6961 0.6735
47 47
21.3990
0.7729 0.1138 0.2970 0.7118 0.8424 0.1446 0.6648 0.9010 0.4385 0.1246 0.9462 0.9128 0.8035 0.3851 0.0319 0.2812 0.7286 0.1851 0.3619 0.2272 0.0205 0.0304 0.3538 0.2099 0.0647 0.0646 0.4925 0.5702 0.8761 0.5423 0.7375 0.3206 0.2584 0.7316 0.6515 0.0274 0.0763 0.1209 0.7161 0.2638 0.1174 0.1085 0.2900 0.4733 0.8046 0.9562 0.1038
48 48
21.2118
0.7710 0.2421 0.1229 0.0398 0.2084 0.5666 0.5303 0.7907 0.1386 0.6495 0.6134 0.8667 0.5557 0.6431 0.3901 0.8336 0.6010 0.3169 0.7340 0.1878 0.4422 0.2010 0.7509 0.3221 0.4686 0.5997 0.9698 0.6191 0.1559 0.3561 0.0239 0.1703 0.2945 0.4582 0.2360 0.7070 0.9857 0.4022 0.5860 0.6488 0.6107 0.9737 0.9137 0.8157 0.8722 0.0159 0.6191 0.1663
48 48
19.3986
0.6322 0.3100 0.9422 0.2787 0.9616 0.5664 0.6891 0.9428 0.1722 0.7075 0.1044 0.8908 0.3762 0.5323 0.7522 0.5731 0.7736 0.4559 0.7773 0.6845 0.1359 0.0781 0.9800 0.0448 0.1149 0.5994 0.6042 0.9295 0.2283 0.6644 0.2922 0.2232 0.6471 0.2508 0.4617 0.2994 0.0362 0.9014 0.1079 0.7722 0.3503 0.6485 0.2494 0.4980 0.1860 0.7487 0.4907 0.9795
46 46
17.8819
0.4572 0.2553 0.6195 0.2168 0.3040 0.7815 0.3697 0.2895 0.7060 0.1911 0.8408 0.1098 0.7560 0.5772 0.3016 0.3208 0.8426 0.4785 0.7627 0.8235 0.0317 0.7161 0.3159 0.3390 0.9416 0.7087 0.3364 0.7780 0.6678 0.7345 0.4147 0.4627 0.4734 0.9804 0.6782 0.9016 0.6485 0.2078 0.1582 0.7410 0.1489 0.2279 0.5771 0.6119 0.0917 0.5209
49 49
22.6237
0.2215 0.0338 0.0656 0.5207 0.0318 0.0667 0.1915 0.0015 0.0674 0.3147 0.9669 0.7984 0.5676 0.9134 0.0903 0.5835 0.8037 0.7029 0.4687 0.5219 0.2235 0.2725 0.8902 0.5180 0.2786 0.4623 0.4081 0.1004 0.0724 0.5855 0.6636 0.0517 0.3806 0.1221 0.1939 0.0024 0.8689 0.7933 0.5769 0.5374 0.3150 0.7918 0.3641 0.6793 0.1645 0.4243 0.5402 0.1518 0.0020
2 2
0.3333
0.5000 0.5000
2 2
0.3333
0.0000 0.0000
49 49
16.6219
0.4214 0.4416 0.8503 0.7056 0.7618 0.9638 0.3898 0.2323 0.4476 0.7054 0.1361 0.1439 0.9476 0.2625 0.9895 0.2676 0.4838 0.4723 0.3112 0.0859 0.7257 0.8617 0.4254 0.7706 0.2734 0.9870 0.6261 0.9168 0.5286 0.8980 0.2413 0.3680 0.6501 0.5087 0.6450 0.0308 0.7596 0.5966 0.6799 0.2718 0.6625 0.5674 0.7548 0.4400 0.5300 0.2886 0.7313 0.1128 0.5301
50 50
0.0000
0.0000 0.0000 0.0000 0.0000 0.0000 0.0000 0.0000 0.0000 0.0000 0.0000 0.0000 0.0000 0.0000 0.0000 0.0000 0.0000 0.0000 0.0000 0.0000 0.0000 0.0000 0.0000 0.0000 0.0000 0.0000 0.0000 0.0000 0.0000 0.0000 0.0000 0.0000 0.0000 0.0000 0.0000 0.0000 0.0000 0.0000 0.0000 0.0000 0.0000 0.0000 0.0000 0.0000 0.0000 0.0000 0.0000 0.0000 0.0000 0.0000 0.0000
46 46
15.0922
0.8261 0.5697 0.9572 0.3613 0.4203 0.5419 0.2853 0.3784 0.8291 0.7456 0.4835 0.2991 0.8294 0.4446 0.7076 0.7082 0.8863 0.6635 0.1237 0.1332 0.7293 0.1384 0.4897 0.9872 0.0261 0.8084 0.9905 0.9085 0.7582 0.0655 0.7705 0.5119 0.7475 0.6825 0.7271 0.3073 0.5788 0.5709 0.7480 0.1659 0.8074 0.5389 0.1257 0.7156 0.1782 0.6821
49 49
19.4270
0.3154 0.2522 0.6298 0.9686 0.7856 0.1265 0.5294 0.2291 0.3699 0.7656 0.0098 0.4770 0.8108 0.3347 0.8472 0.7516 0.5155 0.1363 0.3704 0.3979 0.0474 0.0772 0.9365 0.2229 0.2903 0.3415 0.4278 0.4068 0.1038 0.7789 0.1647 0.2625 0.5414 0.8828 0.1093 0.5367 0.8088 0.5248 0.5318 0.9409 0.7846 0.1532 0.1627 0.6093 0.6863 0.4156 0.1310 0.7752 0.2513
45 45
14.8449
0.8456 0.7287 0.3659 0.8480 0.9835 0.6959 0.9403 0.7519 0.7797 0.7721 0.9217 0.5527 0.5804 0.8100 0.7838 0.7144 0.0240 0.4091 0.9952 0.6437 0.1606 0.0418 0.4239 0.9892 0.8035 0.4719 0.7729 0.3980 0.9852 0.4833 0.5784 0.2549 0.1424 0.9747 0.1353 0.8274 0.9073 0.0103 0.6091 0.2053 0.7201 0.1084 0.6906 0.0437 0.2459
48 48
19.1493
0.3358 0.7797 0.9881 0.6205 0.0668 0.4167 0.9078 0.5873 0.2341 0.2815 0.8467 0.1006 0.5216 0.5226 0.1128 0.3856 0.1125 0.0442 0.3377 0.4729 0.6323 0.8855 0.3955 0.8408 0.8041 0.8844 0.0161 0.5688 0.7167 0.3941 0.7343 0.4593 0.3512 0.5288 0.8731 0.0809 0.0610 0.5177 0.6125 0.6600 0.3726 0.1824 0.1281 0.5058 0.1068 0.2167 0.8903 0.2649
48 48
21.8484
0.6641 0.4076 0.2915 0.5547 0.6284 0.1265 0.3284 0.7702 0.0821 0.5785 0.6881 0.1519 0.9555 0.8973 0.1679 0.3204 0.0078 0.6753 0.9412 0.2452 0.4988 0.4470 0.1333 0.3381 0.1754 0.0564 0.8532 0.8363 0.2950 0.2566 0.1307 0.8286 0.9617 0.2083 0.1256 0.3679 0.3332 0.5769 0.6985 0.1695 0.2894 0.3375 0.7271 0.9552 0.4999 0.1296 0.7715 0.0750
50 50
19.5347
0.0676 0.8372 0.4140 0.2777 0.7035 0.3778 0.1787 0.6729 0.6059 0.2536 0.8831 0.8009 0.8923 0.4155 0.0947 0.8418 0.2050 0.2572 0.1288 0.6931 0.9645 0.0337 0.9670 0.8197 0.6235 0.1950 0.8708 0.2773 0.2758 0.7528 0.4235 0.9307 0.3541 0.6330 0.6534 0.2276 0.4852 0.6865 0.7656 0.5124 0.3412 0.9160 0.3612 0.0394 0.8087 0.9058 0.8247 0.3440 0.2574 0.8357
47 47
21.2903
0.0183 0.8493 0.1914 0.5487 0.2154 0.8478 0.0312 0.8916 0.6317 0.1180 0.0215 0.9663 0.7327 0.5319 0.7961 0.4403 0.0508 0.2720 0.3835 0.1097 0.7007 0.2865 0.9715 0.4049 0.4125 0.4171 0.9557 0.2673 0.5923 0.3065 0.0897 0.1498 0.6224 0.1133 0.6501 0.2636 0.8087 0.1183 0.5274 0.0571 0.1570 0.8985 0.4387 0.4323 0.7185 0.7746 0.0442
45 45
19.4880
0.4683 0.0084 0.0661 0.1386 0.3158 0.0860 0.0699 0.7397 0.0113 0.5629 0.9645 0.8412 0.8859 0.6740 0.1162 0.7694 0.4039 0.9963 0.9010 0.4353 0.0380 0.1356 0.5350 0.8361 0.0789 0.3498 0.0500 0.8277 0.6585 0.1226 0.6537 0.9584 0.0926 0.2185 0.3851 0.8324 0.0746 0.0746 0.6055 0.2139 0.3563 0.8327 0.1316 0.9008 0.6017
47 47
19.2434
0.8174 0.6789 0.0577 0.9429 0.3567 0.3683 0.8425 0.3930 0.1827 0.6510 0.8313 0.0572 0.3452 0.1566 0.8816 0.8327 0.2914 0.3188 0.0373 0.0836 0.9978 0.5877 0.6354 0.9278 0.5140 0.4762 0.2143 0.7566 0.3836 0.6087 0.5769 0.1339 0.7109 0.0771 0.3020 0.2910 0.9661 0.6455 0.5672 0.5499 0.5485 0.0578 0.0204 0.2478 0.0005 0.2673 0.1554
45 45
17.6364
0.1917 0.0070 0.6069 0.5277 0.5970 0.9359 0.2612 0.0393 0.7744 0.0695 0.5730 0.0178 0.0479 0.1176 0.1696 0.9610 0.9004 0.7740 0.8051 0.9614 0.5790 0.5870 0.3747 0.9997 0.2616 0.8784 0.1334 0.1261 0.8482 0.3870 0.5399 0.5605 0.5265 0.1141 0.1609 0.6747 0.6872 0.9004 0.4556 0.7324 0.0012 0.5065 0.3816 0.9274 0.2993
49 49
17.7159
0.7886 0.4423 0.6546 0.0819 0.7168 0.9621 0.4936 0.9299 0.9627 0.0275 0.4088 0.3893 0.4594 0.3637 0.8766 0.9212 0.8892 0.9947 0.6178 0.3312 0.1322 0.7066 0.1670 0.8491 0.5311 0.9143 0.3206 0.8929 0.9127 0.6934 0.5714 0.2757 0.4025 0.6261 0.1443 0.9681 0.2475 0.0790 0.3291 0.1579 0.9898 0.2518 0.9965 0.8071 0.5310 0.1720 0.1286 0.0880 0.9245
46 46
22.0718
0.0039 0.5731 0.6254 0.6503 0.2412 0.6549 0.0145 0.8032 0.6300 0.8686 0.4374 0.2317 0.4733 0.1764 0.1086 0.9244 0.1516 0.1730 0.1470 0.9992 0.8267 0.2186 0.0317 0.2931 0.6503 0.1429 0.7665 0.6191 0.8562 0.1770 0.5219 0.3291 0.3935 0.8682 0.0462 0.2541 0.5682 0.6682 0.0108 0.3303 0.2654 0.6754 0.2880 0.4646 0.6824 0.7792
50 50
0.6901
0.0507 0.5983 0.8733 0.0857 0.7287 0.5109 0.1761 0.6986 0.1090 0.1546 0.8265 0.0932 0.0770 0.3303 0.7744 0.2665 0.7951 0.2215 0.8871 0.9926 0.0863 0.3483 0.9318 0.6915 0.1224 0.9438 0.8091 0.2791 0.2683 0.6759 0.6598 0.9641 0.6196 0.2187 0.3337 0.7255 0.3512 0.7742 0.2108 0.3158 0.2443 0.7417 0.5160 0.0539 0.3724 0.8928 0.1842 0.5154 0.8764 0.7205
4 4
0.0001
0.0000 0.0000 0.0000 0.0000
46 46
20.1689
0.2380 0.8404 0.8240 0.1523 0.2685 0.2499 0.6051 0.8695 0.6177 0.1299 0.3996 0.4840 0.0255 0.1873 0.3912 0.0477 0.5015 0.4389 0.8209 0.7000 0.0860 0.4774 0.6692 0.0260 0.4975 0.3060 0.7521 0.4631 0.9178 0.5743 0.1407 0.2124 0.9935 0.3165 0.6815 0.4229 0.2585 0.5835 0.5545 0.3506 0.8316 0.6216 0.4311 0.3436 0.0107 0.6714
48 48
22.8160
0.1098 0.1197 0.6516 0.3827 0.1205 0.6756 0.8286 0.7386 0.6015 0.4635 0.2897 0.6749 0.0303 0.8369 0.1311 0.3591 0.5073 0.1804 0.3981 0.3955 0.6334 0.7934 0.5932 0.5437 0.0283 0.4088 0.3648 0.8110 0.1686 0.8814 0.9466 0.0275 0.4728 0.5791 0.5755 0.1072 0.8056 0.1703 0.7125 0.5658 0.6755 0.8376 0.4522 0.9029 0.3264 0.6625 0.3519 0.8441
46 46
18.1189
0.3200 0.0136 0.5991 0.9069 0.4873 0.7075 0.1041 0.7901 0.2239 0.3106 0.5806 0.1154 0.5968 0.6111 0.7707 0.4233 0.7565 0.8507 0.7724 0.6435 0.7320 0.6662 0.9076 0.6178 0.6143 0.5530 0.1247 0.3980 0.0614 0.0102 0.7888 0.4322 0.8983 0.7683 0.2783 0.2146 0.4788 0.9912 0.2492 0.2840 0.2656 0.1845 0.8495 0.3210 0.3987 0.8248
47 47
16.3142
0.5123 0.4554 0.7312 0.8961 0.3027 0.7248 0.2005 0.1898 0.8588 0.7578 0.3519 0.3870 0.2428 0.0649 0.1417 0.4391 0.4637 0.7123 0.4664 0.3363 0.8712 0.6567 0.3380 0.9218 0.0395 0.8703 0.9180 0.9365 0.8990 0.6539 0.9605 0.6900 0.7530 0.8070 0.6272 0.4555 0.0292 0.3427 0.6636 0.6153 0.9007 0.6207 0.6861 0.5147 0.3858 0.8888 0.0884
46 46
25.3986
0.0961 0.1444 0.7749 0.1605 0.3341 0.3994 0.8464 0.3557 0.4761 0.6144 0.6558 0.1264 0.1808 0.4057 0.4986 0.9480 0.5380 0.2481 0.2271 0.6097 0.6741 0.3424 0.0636 0.0824 0.1863 0.5001 0.0267 0.2126 0.3774 0.2771 0.9139 0.1613 0.0132 0.5216 0.7587 0.6538 0.5568 0.6920 0.0059 0.0566 0.1980 0.7593 0.5857 0.1189 0.9769 0.3672
46 46
17.2239
0.4040 0.4378 0.5926 0.7212 0.6615 0.0287 0.3888 0.3228 0.0993 0.1973 0.6339 0.2680 0.0454 0.7416 0.2923 0.6275 0.8440 0.6668 0.1033 0.2835 0.6911 0.8157 0.8588 0.0950 0.0907 0.1215 0.8797 0.2307 0.6861 0.7207 0.4580 0.6128 0.2738 0.9789 0.6309 0.2327 0.4327 0.8061 0.7674 0.2413 0.3387 0.4896 0.1208 0.2931 0.4267 0.5309
50 50
21.2110
0.7406 0.5741 0.4670 0.6420 0.2395 0.5314 0.8690 0.8588 0.9601 0.0262 0.4616 0.4026 0.1427 0.7524 0.6554 0.9920 0.5187 0.8714 0.7141 0.0904 0.3256 0.2297 0.7138 0.5903 0.0194 0.3508 0.4637 0.5985 0.0913 0.4283 0.8201 0.6028 0.2685 0.5020 0.7222 0.9693 0.6692 0.3795 0.7976 0.2198 0.9336 0.7495 0.7633 0.8408 0.3877 0.0418 0.0570 0.9172 0.5289 0.0612
1 1
0.3333
0.0000
50 50
0.0000
0.9999 0.9999 0.9999 0.9999 0.9999 0.9999 0.9999 0.9999 0.9999 0.9999 0.9999 0.9999 0.9999 0.9999 0.9999 0.9999 0.9999 0.9999 0.9999 0.9999 0.9999 0.9999 0.9999 0.9999 0.9999 0.9999 0.9999 0.9999 0.9999 0.9999 0.9999 0.9999 0.9999 0.9999 0.9999 0.9999 0.9999 0.9999 0.9999 0.9999 0.9999 0.9999 0.9999 0.9999 0.9999 0.9999 0.9999 0.9999 0.9999 0.9999
47 47
16.1964
0.3369 0.0239 0.6895 0.5034 0.9881 0.3718 0.8316 0.4654 0.2063 0.6037 0.9685 0.9994 0.3725 0.7385 0.3694 0.6844 0.6024 0.2403 0.4000 0.3548 0.0578 0.1165 0.2829 0.7087 0.4075 0.1322 0.8536 0.2590 0.0286 0.9684 0.8909 0.0223 0.6476 0.6132 0.2937 0.5996 0.9849 0.4678 0.0311 0.5379 0.7605 0.4154 0.8202 0.2812 0.5301 0.2685 0.7872
49 49
21.0495
0.0672 0.5082 0.0265 0.5560 0.8538 0.4287 0.8179 0.8715 0.4967 0.4833 0.7546 0.6835 0.2903 0.5648 0.8639 0.2251 0.8982 0.9884 0.4362 0.4654 0.8875 0.5364 0.6838 0.7765 0.4998 0.3842 0.0565 0.2399 0.1857 0.1252 0.9913 0.1293 0.3666 0.2720 0.4746 0.7035 0.0612 0.1652 0.9935 0.2446 0.6253 0.1996 0.4326 0.4884 0.0812 0.1110 0.1693 0.2614 0.4817
49 49
15.9319
0.0648 0.6643 0.7735 0.5825 0.9154 0.2565 0.6535 0.4863 0.9357 0.7052 0.4073 0.3730 0.0977 0.6328 0.8281 0.5442 0.5496 0.6180 0.3477 0.0238 0.0633 0.8278 0.9853 0.7300 0.7094 0.6501 0.7574 0.9385 0.1209 0.3030 0.9626 0.8262 0.4426 0.9886 0.0753 0.3109 0.2370 0.5162 0.1355 0.7009 0.7441 0.3678 0.6629 0.9133 0.2290 0.7767 0.1380 0.9883 0.4631
4 4
1.3999
0.8000 0.7000 0.6000 0.5000
50 50
16.4770
0.9176 0.3771 0.3382 0.1971 0.4403 0.8883 0.7929 0.2099 0.3116 0.5796 0.0954 0.2939 0.7870 0.2169 0.6021 0.4735 0.3642 0.8341 0.2101 0.1875 0.7120 0.5613 0.3961 0.3878 0.4823 0.2605 0.0264 0.7278 0.9472 0.1974 0.7775 0.0761 0.4484 0.5722 0.6739 0.8058 0.1393 0.7828 0.9956 0.4788 0.7172 0.9461 0.0931 0.2065 0.7921 0.5163 0.4809 0.6305 0.4852 0.8623
50 50
0.0000
1.0000 1.0000 1.0000 1.0000 1.0000 1.0000 1.0000 1.0000 1.0000 1.0000 1.0000 1.0000 1.0000 1.0000 1.0000 1.0000 1.0000 1.0000 1.0000 1.0000 1.0000 1.0000 1.0000 1.0000 1.0000 1.0000 1.0000 1.0000 1.0000 1.0000 1.0000 1.0000 1.0000 1.0000 1.0000 1.0000 1.0000 1.0000 1.0000 1.0000 1.0000 1.0000 1.0000 1.0000 1.0000 1.0000 1.0000 1.0000 1.0000 1.0000
47 47
21.4680
0.9850 0.3223 0.1759 0.2827 0.4143 0.8009 0.4284 0.7849 0.3403 0.9549 0.9253 0.4038 0.6047 0.5512 0.7716 0.2031 0.2271 0.4025 0.7656 0.0307 0.8155 0.6700 0.9906 0.0031 0.0126 0.9726 0.1914 0.7172 0.3237 0.8257 0.0264 0.5468 0.3750 0.7743 0.2289 0.9215 0.1780 0.3751 0.9644 0.6731 0.9609 0.3760 0.5721 0.8461 0.2153 0.3554 0.1738
49 49
2.2603
0.7444 0.8561 0.2017 0.8378 0.7481 0.7932 0.4379 0.7809 0.1679 0.7001 0.0706 0.7213 0.5165 0.0852 0.6857 0.5337 0.4856 0.3106 0.6873 0.1160 0.8354 0.2831 0.4606 0.5352 0.4795 0.2869 0.7694 0.6047 0.0739 0.2368 0.8491 0.5347 0.7064 0.3850 0.2062 0.2235 0.4581 0.6942 0.8691 0.5509 0.5154 0.6125 0.3545 0.1329 0.9229 0.5095 0.1762 0.7961 0.4266
50 50
1.0000
0.3333 0.3333 0.3333 0.3333 0.3333 0.3333 0.3333 0.3333 0.3333 0.3333 0.3333 0.3333 0.3333 0.3333 0.3333 0.3333 0.3333 0.3333 0.3333 0.3333 0.3333 0.3333 0.3333 0.3333 0.3333 0.3333 0.3333 0.3333 0.3333 0.3333 0.3333 0.3333 0.3333 0.3333 0.3333 0.3333 0.3333 0.3333 0.3333 0.3333 0.3333 0.3333 0.3333 0.3333 0.3333 0.3333 0.3333 0.3333 0.3333 0.3333
2 2
0.0000
1.0000 1.0000
45 45
19.7311
0.1048 0.2688 0.3117 0.1997 0.9942 0.3942 0.9607 0.7481 0.8089 0.2795 0.3191 0.8287 0.0744 0.4076 0.9360 0.1259 0.0972 0.5034 0.0748 0.5578 0.5939 0.5989 0.1856 0.6276 0.1879 0.9483 0.2901 0.9118 0.0346 0.4133 0.8189 0.0951 0.5099 0.8572 0.1997 0.3045 0.5392 0.3414 0.8725 0.3750 0.9662 0.7477 0.5294 0.8147 0.1244
49 49
20.8479
0.5938 0.7838 0.4407 0.6402 0.8137 0.2568 0.8263 0.6046 0.0116 0.0699 0.7323 0.5136 0.5420 0.2648 0.1581 0.7799 0.2664 0.1446 0.7055 0.0190 0.3001 0.5491 0.1265 0.4485 0.4592 0.9962 0.7402 0.7165 0.7204 0.0955 0.2821 0.7710 0.7040 0.5035 0.4318 0.5877 0.4638 0.9353 0.5911 0.7848 0.0619 0.3215 0.7247 0.3138 0.4687 0.9537 0.6745 0.3633 0.9063
48 48
18.1027
0.5300 0.0948 0.0520 0.8932 0.3867 0.2269 0.9880 0.4845 0.5793 0.6225 0.5745 0.7176 0.2883 0.4954 0.2225 0.3561 0.6733 0.1329 0.5271 0.8877 0.0192 0.8244 0.1063 0.2320 0.7909 0.9821 0.5745 0.5343 0.4508 0.8316 0.4561 0.0411 0.7358 0.4665 0.3634 0.7131 0.0509 0.6704 0.8764 0.7213 0.8832 0.5464 0.5306 0.6636 0.3422 0.6036 0.0770 0.5994
49 49
17.8339
0.5884 0.8554 0.4606 0.3377 0.4314 0.9584 0.0871 0.5010 0.1854 0.6496 0.7530 0.4064 0.2649 0.5902 0.3635 0.4923 0.7744 0.7940 0.6089 0.4574 0.6633 0.5202 0.8230 0.5081 0.4551 0.2492 0.1506 0.6158 0.6415 0.9581 0.8888 0.0176 0.3060 0.7983 0.0459 0.9914 0.2607 0.4263 0.9579 0.3953 0.6007 0.3613 0.7961 0.1820 0.9982 0.6901 0.5498 0.6571 0.2681
47 47
0.5837
0.6586 0.6131 0.5646 0.3154 0.6048 0.9918 0.9137 0.5956 0.1213 0.7012 0.7167 0.8283 0.7970 0.0082 0.9160 0.6696 0.4186 0.1291 0.0304 0.8177 0.3602 0.7999 0.7335 0.2637 0.6248 0.5026 0.8207 0.1457 0.7619 0.4740 0.8003 0.2976 0.3682 0.2916 0.0343 0.3950 0.4096 0.5064 0.2756 0.8463 0.8867 0.5373 0.7741 0.5603 0.3793 0.4499 0.8738
46 46
17.2386
0.7895 0.1784 0.3036 0.2470 0.8954 0.9374 0.0464 0.0854 0.8679 0.9094 0.6376 0.0179 0.1344 0.4082 0.9399 0.1486 0.5568 0.9818 0.7157 0.7791 0.0448 0.7838 0.4941 0.0405 0.7765 0.3688 0.6473 0.1439 0.3858 0.5424 0.8004 0.8527 0.2058 0.0533 0.2139 0.2199 0.3482 0.8906 0.9286 0.6230 0.0139 0.9113 0.1452 0.2846 0.6408 0.5062
48 48
18.1509
0.7374 0.6256 0.9758 0.9790 0.8131 0.8333 0.6714 0.6759 0.6702 0.5158 0.8836 0.9077 0.1593 0.7632 0.5448 0.0692 0.1681 0.0093 0.9255 0.9452 0.7234 0.7986 0.2153 0.0666 0.3629 0.8104 0.1383 0.7573 0.0935 0.9194 0.7088 0.0077 0.1430 0.3516 0.6022 0.1097 0.8880 0.7931 0.3306 0.8217 0.2813 0.7011 0.1638 0.2649 0.9509 0.8181 0.8125 0.1165
47 47
21.0306
0.5794 0.0015 0.3584 0.2587 0.5292 0.3013 0.6214 0.3883 0.7145 0.8552 0.0608 0.1457 0.6637 0.9350 0.0923 0.0853 0.6270 0.0220 0.0008 0.8647 0.0095 0.4934 0.5662 0.6440 0.5493 0.4008 0.0649 0.5095 0.8821 0.7340 0.4928 0.4221 0.4920 0.5071 0.5317 0.6222 0.7790 0.3027 0.8616 0.2709 0.9741 0.0430 0.6437 0.7209 0.6336 0.7635 0.7376
47 47
20.8520
0.4010 0.4840 0.6898 0.0287 0.3746 0.0170 0.2971 0.9028 0.4812 0.8940 0.1873 0.7809 0.3449 0.9663 0.9192 0.5867 0.8096 0.6461 0.1568 0.2035 0.4075 0.4835 0.6018 0.3271 0.6638 0.2543 0.7189 0.9490 0.3239 0.1596 0.0222 0.6590 0.5610 0.5355 0.6839 0.5346 0.3178 0.0524 0.7004 0.0790 0.1231 0.3600 0.4898 0.8757 0.1073 0.1580 0.4280
47 47
20.3992
0.8922 0.1111 0.5540 0.4517 0.7349 0.2466 0.5393 0.2478 0.4794 0.1313 0.3350 0.8325 0.0880 0.1376 0.1140 0.8426 0.9496 0.5837 0.2906 0.8323 0.5945 0.9984 0.9803 0.4709 0.1525 0.2878 0.2934 0.5930 0.5058 0.4668 0.1393 0.7263 0.7820 0.5097 0.8556 0.3981 0.4774 0.9139 0.8800 0.3847 0.9337 0.2618 0.5201 0.5910 0.2803 0.6396 0.1377
50 50
0.0049
0.9999 0.9999 0.9999 0.9999 0.9999 0.9999 0.9999 0.9999 0.9999 0.9999 0.9999 0.9999 0.9999 0.9999 0.9999 0.9999 0.9999 0.9999 0.9999 0.9999 0.9999 0.9999 0.9999 0.9999 0.9999 0.9999 0.9999 0.9999 0.9999 0.9999 0.9999 0.9999 0.9999 0.9999 0.9999 0.9999 0.9999 0.9999 0.9999 0.9999 0.9999 0.9999 0.9999 0.9999 0.9999 0.9999 0.9999 0.9999 0.9999 0.9999
50 50
26.0713
0.2756 0.0346 0.1042 0.5621 0.9785 0.6726 0.5978 0.8788 0.1853 0.0703 0.1745 0.9306 0.0820 0.4316 0.0612 0.6706 0.8566 0.5317 0.8700 0.1397 0.0852 0.5527 0.4053 0.5488 0.2212 0.2206 0.6171 0.5488 0.6387 0.7412 0.9103 0.1474 0.2001 0.7921 0.2711 0.2992 0.9129 0.4700 0.0788 0.2683 0.7633 0.0828 0.0870 0.7041 0.5005 0.4497 0.2916 0.8641 0.4408 0.4221
50 50
21.0415
0.8659 0.1323 0.7734 0.1901 0.1822 0.4649 0.9671 0.8923 0.1037 0.1603 0.9371 0.0862 0.2685 0.2927 0.7767 0.1217 0.8204 0.0344 0.2892 0.5546 0.6656 0.9421 0.0538 0.8672 0.1127 0.9021 0.4402 0.5173 0.5604 0.1805 0.9052 0.8057 0.8156 0.3594 0.6026 0.9498 0.3376 0.8491 0.9697 0.2676 0.1616 0.4503 0.1473 0.8955 0.6301 0.8148 0.6535 0.3408 0.1288 0.1707
50 50
50.0000
0.0000 0.0000 0.0000 0.0000 0.0000 0.0000 0.0000 0.0000 0.0000 0.0000 0.0000 0.0000 0.0000 0.0000 0.0000 0.0000 0.0000 0.0000 0.0000 0.0000 0.0000 0.0000 0.0000 0.0000 0.0000 0.0000 0.0000 0.0000 0.0000 0.0000 0.0000 0.0000 0.0000 0.0000 0.0000 0.0000 0.0000 0.0000 0.0000 0.0000 0.0000 0.0000 0.0000 0.0000 0.0000 0.0000 0.0000 0.0000 0.0000 0.0000
50 50
19.2853
0.1499 0.6466 0.2365 0.2711 0.6349 0.7293 0.0346 0.0901 0.9719 0.9824 0.8615 0.9820 0.7696 0.5837 0.4938 0.2060 0.2316 0.0135 0.7848 0.3036 0.9290 0.1763 0.5487 0.8048 0.1408 0.9585 0.5899 0.3898 0.3781 0.9266 0.1714 0.6744 0.6021 0.4654 0.4238 0.3986 0.4811 0.9805 0.7549 0.5773 0.7056 0.1921 0.4591 0.6651 0.5027 0.8480 0.4772 0.0343 0.5388 0.3916
47 47
19.7868
0.7326 0.6322 0.9715 0.5501 0.3513 0.3459 0.2604 0.9210 0.4652 0.5899 0.2573 0.7311 0.0993 0.6636 0.9215 0.6499 0.4359 0.0048 0.0048 0.6453 0.5174 0.0236 0.8699 0.3123 0.1716 0.0707 0.2843 0.6535 0.8751 0.5351 0.5601 0.3258 0.9489 0.6227 0.0990 0.9341 0.2892 0.6628 0.4113 0.0292 0.1902 0.9809 0.6965 0.8289 0.1243 0.9660 0.7064
1 1
1.0000
0.0000
46 46
23.3581
0.4790 0.1366 0.9621 0.7911 0.6652 0.2345 0.1965 0.4238 0.1049 0.5060 0.2783 0.9546 0.7356 0.9394 0.5284 0.2258 0.7265 0.7299 0.6841 0.2126 0.1515 0.7922 0.9698 0.1535 0.1509 0.5641 0.4697 0.4720 0.1276 0.5138 0.3447 0.6906 0.0930 0.0255 0.2519 0.1417 0.3950 0.2695 0.1731 0.6985 0.4093 0.1500 0.5953 0.8790 0.1823 0.5340
50 50
19.5681
0.3337 0.7954 0.0895 0.6739 0.3411 0.4049 0.5312 0.5351 0.1048 0.6543 0.2859 0.6465 0.0210 0.4798 0.8296 0.2957 0.1591 0.9919 0.4950 0.7616 0.5999 0.7273 0.1889 0.0320 0.0952 0.6669 0.1569 0.7246 0.3308 0.8922 0.7983 0.8178 0.4877 0.9775 0.6333 0.9288 0.8334 0.0348 0.0894 0.7995 0.0139 0.8180 0.7176 0.2194 0.7606 0.6278 0.5890 0.3471 0.4695 0.6169
50 50
18.7139
0.7121 0.3144 0.8548 0.6370 0.2048 0.0458 0.1707 0.3565 0.3585 0.8385 0.6086 0.0270 0.0411 0.6847 0.9633 0.7660 0.2331 0.4981 0.4388 0.7139 0.0476 0.2936 0.8341 0.7832 0.0203 0.8858 0.1636 0.2372 0.3004 0.7715 0.1705 0.9520 0.7174 0.7243 0.7422 0.5313 0.9088 0.4510 0.1563 0.6696 0.9794 0.5606 0.1683 0.1090 0.8495 0.4551 0.2646 0.4567 0.8565 0.0624
45 45
16.7058
0.7355 0.6271 0.3412 0.0925 0.2149 0.9727 0.7769 0.9706 0.9471 0.5612 0.5593 0.4750 0.8300 0.7454 0.3458 0.7135 0.7150 0.0945 0.3441 0.6823 0.5186 0.9431 0.3990 0.0752 0.7825 0.3753 0.4887 0.8039 0.3741 0.9459 0.2157 0.8986 0.4976 0.3617 0.5023 0.2380 0.8877 0.6740 0.4933 0.1873 0.2679 0.7994 0.2806 0.4129 0.8415
46 46
27.4589
0.2061 0.7461 0.4091 0.7492 0.0169 0.2704 0.5847 0.5056 0.2228 0.2315 0.3036 0.6405 0.9262 0.5542 0.3333 0.5005 0.1232 0.9316 0.5264 0.7167 0.0278 0.0597 0.2174 0.0729 0.1585 0.1418 0.4629 0.7935 0.3642 0.0714 0.4646 0.2366 0.0506 0.4875 0.0225 0.0142 0.1950 0.9652 0.5643 0.2030 0.4009 0.5385 0.2963 0.7544 0.4409 0.9548
49 49
19.9937
0.9706 0.7130 0.5670 0.1649 0.5709 0.2377 0.9252 0.7870 0.6288 0.4605 0.6847 0.4764 0.7976 0.7170 0.1741 0.5747 0.7833 0.3568 0.5082 0.0906 0.5520 0.5701 0.2535 0.6568 0.3095 0.2290 0.2920 0.0260 0.4844 0.0466 0.2647 0.1960 0.9552 0.1468 0.5404 0.2572 0.5480 0.3493 0.1524 0.2471 0.1853 0.8717 0.6531 0.9876 0.9428 0.3586 0.6224 0.7009 0.2043
49 49
25.1094
0.8260 0.4558 0.7356 0.2224 0.4612 0.1701 0.0338 0.4473 0.5973 0.3343 0.3861 0.8057 0.2335 0.2000 0.0390 0.5298 0.8468 0.0611 0.3291 0.8620 0.3577 0.7484 0.6635 0.0954 0.6422 0.1412 0.5451 0.0511 0.0697 0.4023 0.2420 0.4876 0.5587 0.6285 0.6935 0.1295 0.4966 0.3197 0.5600 0.4426 0.9321 0.2079 0.1007 0.3035 0.4389 0.1310 0.0343 0.2487 0.5646
1 1
0.3333
0.5000
45 45
3.5904
0.7248 0.7976 0.4820 0.3655 0.2414 0.5679 0.1272 0.1824 0.2692 0.4654 0.6942 0.1720 0.9563 0.3252 0.8945 0.2361 0.1036 0.3085 0.3880 0.4972 0.4244 0.3233 0.4031 0.7715 0.6697 0.5221 0.1018 0.5776 0.3308 0.8268 0.1847 0.4581 0.3448 0.5127 0.9111 0.4568 0.4465 0.8465 0.3028 0.7398 0.3892 0.3324 0.8075 0.7122 0.4520
45 45
16.6722
0.8430 0.5198 0.2819 0.1831 0.8424 0.8574 0.8203 0.3928 0.2281 0.0530 0.0657 0.6767 0.6935 0.1495 0.1062 0.6204 0.5243 0.2788 0.2241 0.2954 0.4468 0.5438 0.7969 0.8153 0.2917 0.0577 0.8727 0.6280 0.8512 0.4062 0.1159 0.7038 0.7262 0.1129 0.9904 0.8220 0.2771 0.2484 0.5131 0.8604 0.4143 0.8042 0.7364 0.5334 0.3301
46 46
26.2825
0.5488 0.0358 0.6455 0.3901 0.2448 0.2555 0.4200 0.2355 0.0212 0.8915 0.4209 0.9707 0.8761 0.2960 0.0590 0.5420 0.0397 0.4753 0.3600 0.2786 0.5661 0.0995 0.0336 0.5105 0.3067 0.3611 0.3658 0.8801 0.4811 0.0598 0.2590 0.3382 0.8034 0.0842 0.9522 0.1471 0.7081 0.2342 0.4224 0.0252 0.2546 0.1736 0.7970 0.6974 0.0547 0.5736
50 50
0.0000
0.8700 0.8700 0.8700 0.8700 0.8700 0.8700 0.8700 0.8700 0.8700 0.8700 0.8700 0.8700 0.8700 0.8700 0.8700 0.8700 0.8700 0.8700 0.8700 0.8700 0.8700 0.8700 0.8700 0.8700 0.8700 0.8700 0.8700 0.8700 0.8700 0.8700 0.8700 0.8700 0.8700 0.8700 0.8700 0.8700 0.8700 0.8700 0.8700 0.8700 0.8700 0.8700 0.8700 0.8700 0.8700 0.8700 0.8700 0.8700 0.8700 0.8700
50 50
33.3350
0.3333 0.3333 0.3333 0.3333 0.3333 0.3333 0.3333 0.3333 0.3333 0.3333 0.3333 0.3333 0.3333 0.3333 0.3333 0.3333 0.3333 0.3333 0.3333 0.3333 0.3333 0.3333 0.3333 0.3333 0.3333 0.3333 0.3333 0.3333 0.3333 0.3333 0.3333 0.3333 0.3333 0.3333 0.3333 0.3333 0.3333 0.3333 0.3333 0.3333 0.3333 0.3333 0.3333 0.3333 0.3333 0.3333 0.3333 0.3333 0.3333 0.3333
